# f X Y R logR theta
0.000000000000000000e+00 -9.627624989979505221e-02 1.179044012736947000e-17 9.627624989979505221e-02 -3.237081651596684395e+01 1.800000000000000000e+02
5.025125628140703782e+01 3.571238380085016374e-05 9.735516120425469558e-03 9.735581621321908949e-03 -5.227396178312027075e+01 8.978982524757030603e+01
1.005025125628140756e+02 4.675148601779362408e-04 1.924928654389169297e-02 1.925496306393073565e-02 -4.635034602918268831e+01 8.860870878459768107e+01
1.507537688442210992e+02 4.552017654224202372e-04 2.877700875969058103e-02 2.878060878095792252e-02 -4.285920030458613184e+01 8.909375692184619311e+01
2.010050251256281513e+02 7.642423731055186407e-04 3.837653536487662526e-02 3.838414429183586996e-02 -4.035816256244266498e+01 8.885914465694568776e+01
2.512562814070352033e+02 1.189848078066949033e-03 4.782927177178868811e-02 4.784406939912722034e-02 -3.844463759322997021e+01 8.857494767340448050e+01
3.015075376884421985e+02 1.842262999942279478e-03 5.703843374857919118e-02 5.706817727465994528e-02 -3.691331979355754811e+01 8.815006819047202669e+01
3.517587939698492505e+02 2.436962420374150836e-03 6.651171812351119872e-02 6.655634780830242681e-02 -3.557741017455332155e+01 8.790164448878120140e+01
4.020100502512563025e+02 2.818795192753092808e-03 7.582186020334866217e-02 7.587423865209347307e-02 -3.443931290162536385e+01 8.787092107869003144e+01
4.522613065326633546e+02 3.405212702368509616e-03 8.520961834993939776e-02 8.527763207835159509e-02 -3.342449717245501262e+01 8.771151945837441133e+01
5.025125628140704066e+02 4.060022253716828733e-03 9.446988923624145829e-02 9.455709255792717205e-02 -3.252731762549860406e+01 8.753911980285687378e+01
5.527638190954774018e+02 4.563566068399651197e-03 1.039316361567762526e-01 1.040317794209306562e-01 -3.169787928695156864e+01 8.748579704277074143e+01
6.030150753768843970e+02 4.943275399700096384e-03 1.133871693742639908e-01 1.134948727933791091e-01 -3.094167497797447908e+01 8.750368949306809441e+01
6.532663316582915058e+02 5.399314262119600874e-03 1.228703686508883092e-01 1.229889429457230732e-01 -3.024387844874846110e+01 8.748386018856260193e+01
7.035175879396985010e+02 5.788005861102504986e-03 1.325779912636365909e-01 1.327042756634052578e-01 -2.958350150987205751e+01 8.750020456352376641e+01
7.537688442211056099e+02 6.116458094707203849e-03 1.421789790590162195e-01 1.423104815039583915e-01 -2.897646206497305954e+01 8.753668728712970903e+01
8.040201005025126051e+02 6.400335253646835358e-03 1.520652410920200481e-01 1.521998746377054290e-01 -2.839291393216188908e+01 8.758987735124601670e+01
8.542713567839196003e+02 6.853176283268980207e-03 1.622524895794706656e-01 1.623971563787549865e-01 -2.782963141956788888e+01 8.758139413501336890e+01
9.045226130653267091e+02 7.339302689834757698e-03 1.725799100092809402e-01 1.727358987089381015e-01 -2.729354774909154457e+01 8.756485074582936079e+01
9.547738693467337043e+02 7.764276311261864884e-03 1.831949805594765002e-01 1.833594417771405305e-01 -2.677513426425536380e+01 8.757310935077404679e+01
1.005025125628140813e+03 8.325934967056263306e-03 1.937391912549975836e-01 1.939180121113460997e-01 -2.628883681700640906e+01 8.753923002337621995e+01
1.055276381909547808e+03 8.899097474388287243e-03 2.049125255998626438e-01 2.051056729677973312e-01 -2.580164637496587332e+01 8.751327776206146325e+01
1.105527638190954804e+03 9.649858806923218221e-03 2.161667931295629397e-01 2.163820746432402742e-01 -2.533677421782911665e+01 8.744396749223798793e+01
1.155778894472361799e+03 1.059134524548592700e-02 2.275870945446725746e-01 2.278334088701540749e-01 -2.488885166311980157e+01 8.733551735251216996e+01
1.206030150753768794e+03 1.176763721803303700e-02 2.393342029873727905e-01 2.396233252529816060e-01 -2.445061801501780252e+01 8.718513525937646591e+01
1.256281407035176017e+03 1.307417615184453853e-02 2.511425590758115667e-01 2.514826416697521494e-01 -2.403103955261365599e+01 8.701994156892263277e+01
1.306532663316583012e+03 1.461753500989713093e-02 2.633589138701106225e-01 2.637642694615969230e-01 -2.361688054720843510e+01 8.682310129972690049e+01
1.356783919597990007e+03 1.628623149204348058e-02 2.756482327794690379e-01 2.761289364964432114e-01 -2.321896142197097745e+01 8.661870210256668656e+01
1.407035175879397002e+03 1.838862791027201515e-02 2.880297121474237332e-01 2.886161061274131190e-01 -2.283478856465399787e+01 8.634703375702950723e+01
1.457286432160803997e+03 2.060626386029011312e-02 3.006570601697972078e-01 3.013623830875793996e-01 -2.245941899685110243e+01 8.607922566005032650e+01
1.507537688442211220e+03 2.288091776493797816e-02 3.133697359529338811e-01 3.142039589326928728e-01 -2.209696677060931336e+01 8.582391803518247286e+01
1.557788944723618215e+03 2.557543831975415960e-02 3.262521777563399117e-01 3.272530924773697780e-01 -2.174352464176655175e+01 8.551765745023284637e+01
1.608040201005025210e+03 2.830202625467366853e-02 3.391644939341096343e-01 3.403432952706736403e-01 -2.140285583723009921e+01 8.522992979889319543e+01
1.658291457286432205e+03 3.121121556037251277e-02 3.522481010410944413e-01 3.536281446149516228e-01 -2.107026337821417172e+01 8.493648667789884144e+01
1.708542713567839201e+03 3.430903544397918836e-02 3.656331534362804447e-01 3.672393127170004434e-01 -2.074221650766431679e+01 8.463937081971458554e+01
1.758793969849246423e+03 3.745504213284794881e-02 3.789511933194771309e-01 3.807976983904041157e-01 -2.042731353122688631e+01 8.435529338625849505e+01
1.809045226130653418e+03 4.074342089204197048e-02 3.925731253751034155e-01 3.946817516845220752e-01 -2.011625888597728107e+01 8.407473931718772064e+01
1.859296482412060413e+03 4.412224929344041313e-02 4.065080285949337902e-01 4.088955247919106584e-01 -1.980895267875520460e+01 8.380538472861334753e+01
1.909547738693467409e+03 4.757322200330981604e-02 4.206631928407722487e-01 4.233446979268418731e-01 -1.950731732794350393e+01 8.354777675455275698e+01
1.959798994974874404e+03 5.129873237772974298e-02 4.352531981930556904e-01 4.382657943313000293e-01 -1.920644830135886494e+01 8.327815662883247683e+01
2.010050251256281626e+03 5.511397948134782315e-02 4.500228276713634235e-01 4.533851521163877463e-01 -1.891185395977917949e+01 8.301779567278519778e+01
2.060301507537688394e+03 5.875266452622061181e-02 4.653763774448177459e-01 4.690704086516139237e-01 -1.861643910045224359e+01 8.280461033437866547e+01
2.110552763819095617e+03 6.281628872345555725e-02 4.809074435288776539e-01 4.849926343466148260e-01 -1.832649696737630052e+01 8.255813906791324541e+01
2.160804020100502839e+03 6.712995976360715267e-02 4.972843943548290180e-01 5.017949784191871876e-01 -1.803067360830066690e+01 8.231194074550234063e+01
2.211055276381909607e+03 7.158916928164237026e-02 5.139787350126581167e-01 5.189404100700271139e-01 -1.773885001308077847e+01 8.207061175726364866e+01
2.261306532663316830e+03 7.641892402101954640e-02 5.311396343091683292e-01 5.366089480083308105e-01 -1.744804162054745689e+01 8.181262547971422805e+01
2.311557788944723598e+03 8.151840745359613394e-02 5.489661897724955608e-01 5.549857009573329059e-01 -1.715556395060393768e+01 8.155361899784575996e+01
2.361809045226130820e+03 8.724381883854454012e-02 5.675246846533985590e-01 5.741913893611365616e-01 -1.686006631695393665e+01 8.126051178884239334e+01
2.412060301507537588e+03 9.316773317954041289e-02 5.863926699191140957e-01 5.937479177569223721e-01 -1.656915783481074200e+01 8.097214472847853983e+01
2.462311557788944810e+03 9.970318241782329116e-02 6.061370051617791521e-01 6.142823403051177467e-01 -1.627383922286313833e+01 8.065909064432639752e+01
2.512562814070352033e+03 1.068383953864812108e-01 6.262795004874414095e-01 6.353270460633305694e-01 -1.598125295105049481e+01 8.031898061821057411e+01
2.562814070351758801e+03 1.143897267698340409e-01 6.471832979878935355e-01 6.572147524097156079e-01 -1.568705375813301828e+01 7.997648855397729051e+01
2.613065326633166023e+03 1.227751895497961321e-01 6.686799804605946251e-01 6.798578259002168167e-01 -1.539283780428036152e+01 7.959590121018497655e+01
2.663316582914572791e+03 1.316986611646915606e-01 6.907479889912181426e-01 7.031908145361288609e-01 -1.509973604435550065e+01 7.920548769266996203e+01
2.713567839195980014e+03 1.412082019141784883e-01 7.134162752604091828e-01 7.272568584030482119e-01 -1.480744331542231151e+01 7.880402061155093918e+01
2.763819095477387236e+03 1.517615031606071030e-01 7.368815535028893082e-01 7.523469796140597188e-01 -1.451283619086373378e+01 7.836259203328798151e+01
2.814070351758794004e+03 1.627226687113891568e-01 7.607940491230473778e-01 7.780014473595781022e-01 -1.422159172790445680e+01 7.792717917825750362e+01
2.864321608040201227e+03 1.748708557919179118e-01 7.855799050537330963e-01 8.048078052737994703e-01 -1.392735623348266216e+01 7.745051402757729875e+01
2.914572864321607994e+03 1.876880532237238386e-01 8.111971248323196493e-01 8.326269156465777588e-01 -1.363219090938390110e+01 7.697261424023351140e+01
2.964824120603015217e+03 2.013775122941111884e-01 8.372575409399778401e-01 8.611347701252246578e-01 -1.333977732381788250e+01 7.647607764426294352e+01
3.015075376884422440e+03 2.159678417430531960e-01 8.644565420047840565e-01 8.910259377156322103e-01 -1.304339289637585608e+01 7.597288280841621599e+01
3.065326633165829207e+03 2.316711523492639702e-01 8.925398267507301808e-01 9.221165138782947412e-01 -1.274548383200700030e+01 7.544918878343241886e+01
3.115577889447236430e+03 2.483551509248514144e-01 9.217095360760411138e-01 9.545830240918894427e-01 -1.244492569083579347e+01 7.491977050803750160e+01
3.165829145728643198e+03 2.663015536213250711e-01 9.518093301661854078e-01 9.883610263727187206e-01 -1.214288759226157310e+01 7.436920064469364888e+01
3.216080402010050420e+03 2.856780529905152965e-01 9.831860101598151047e-01 1.023848953964610953e+00 -1.183648200818172569e+01 7.379805937838139585e+01
3.266331658291457643e+03 3.063998758295755076e-01 1.015843668804949251e+00 1.061046296520316234e+00 -1.152651314976429653e+01 7.321558127941652572e+01
3.316582914572864411e+03 3.290085409113833181e-01 1.049775633738316394e+00 1.100125220683227933e+00 -1.121235740418379478e+01 7.259856876019364336e+01
3.366834170854271633e+03 3.533278451210510873e-01 1.085177280683472745e+00 1.141249445410363439e+00 -1.089358823661513931e+01 7.196503121314715656e+01
3.417085427135678401e+03 3.799379547833029447e-01 1.122245239637046588e+00 1.184815271412776649e+00 -1.056818696073312580e+01 7.129638602021421434e+01
3.467336683417085624e+03 4.089225463824542328e-01 1.160741884658875733e+00 1.230666230844638553e+00 -1.023839414985229013e+01 7.059293860953169997e+01
3.517587939698492846e+03 4.405435891179721453e-01 1.200850240798850610e+00 1.279109047243276231e+00 -9.903048411618787128e+00 6.985394665578418483e+01
3.567839195979899614e+03 4.758666344308337126e-01 1.242784013530731313e+00 1.330774645855594018e+00 -9.559109466090660590e+00 6.904797055500804959e+01
3.618090452261306837e+03 5.144225061112832620e-01 1.286404229626121998e+00 1.385448070767644868e+00 -9.209394781779408845e+00 6.820393490344694953e+01
3.668341708542713604e+03 5.569330658444743287e-01 1.331523554854821656e+00 1.443305032543068078e+00 -8.854037307938952495e+00 6.730202532496440426e+01
3.718592964824120827e+03 6.041666400940789439e-01 1.378220209577198485e+00 1.504828320802604313e+00 -8.491460706114782653e+00 6.632892744799428897e+01
3.768844221105528050e+03 6.565167956754215384e-01 1.426376698947685595e+00 1.570211702384369357e+00 -8.122035632143804307e+00 6.528485624092198236e+01
3.819095477386934817e+03 7.143005230386172411e-01 1.475758634274017433e+00 1.639539198630992178e+00 -7.746763738923274190e+00 6.417196901872334536e+01
3.869346733668342040e+03 7.787421082147164553e-01 1.526069239513046849e+00 1.713279485342257491e+00 -7.364635532325836564e+00 6.296510769784459427e+01
3.919597989949748808e+03 8.504991325462729623e-01 1.577261796513589109e+00 1.791955230803280230e+00 -6.974656720684098588e+00 6.166534013869554087e+01
3.969849246231156030e+03 9.302463304795811627e-01 1.628427310723502774e+00 1.875402287958747749e+00 -6.579310996475765450e+00 6.026264041345640976e+01
4.020100502512563253e+03 1.018852834984523170e+00 1.679034301594074519e+00 1.963979960510162881e+00 -6.178458783653227648e+00 5.875025416084188379e+01
4.070351758793970021e+03 1.117687375160069552e+00 1.728673871271347862e+00 2.058528217394280713e+00 -5.770063336739879922e+00 5.711500098049355501e+01
4.120603015075376788e+03 1.226978526747009024e+00 1.775416017110201139e+00 2.158142335183133920e+00 -5.359598143382976687e+00 5.535189997233126036e+01
4.170854271356784011e+03 1.348622277311257500e+00 1.818806911639814006e+00 2.264252774910292754e+00 -4.942701653436180287e+00 5.344353365536704814e+01
4.221105527638191234e+03 1.483679281390951843e+00 1.856517373421412875e+00 2.376543912458659591e+00 -4.522282959415694137e+00 5.136908224112971766e+01
4.271356783919598456e+03 1.632331631713185294e+00 1.886727878138424686e+00 2.494844412390511135e+00 -4.100330494282431459e+00 4.913477507190275162e+01
4.321608040201005679e+03 1.796767297932733598e+00 1.906642758677226990e+00 2.619858647358059844e+00 -3.675642628625856112e+00 4.669939431795799578e+01
4.371859296482411992e+03 1.975964151064782071e+00 1.912571542046429540e+00 2.749975314387207881e+00 -3.254623919943351318e+00 4.406602188655238450e+01
4.422110552763819214e+03 2.170755247444516645e+00 1.900843085736409366e+00 2.885373941259576025e+00 -2.837157722119981074e+00 4.120732884236894478e+01
4.472361809045226437e+03 2.379403970038138638e+00 1.866576136755813575e+00 3.024180835687494628e+00 -2.429044687905282274e+00 3.811319622905549664e+01
4.522613065326633659e+03 2.600625672691033063e+00 1.804564159715802640e+00 3.165391870841663735e+00 -2.032650172608688521e+00 3.475663212917922351e+01
4.572864321608040882e+03 2.829435790782579563e+00 1.709989075248840473e+00 3.306020195284932850e+00 -1.655089782721707259e+00 3.114695716834036432e+01
4.623115577889447195e+03 3.060172430530101906e+00 1.577544829557250061e+00 3.442862616172670087e+00 -1.302805966880716149e+00 2.727148907575066161e+01
4.673366834170854418e+03 3.285258586524984370e+00 1.403653922427131828e+00 3.572557671232363674e+00 -9.816148612273216667e-01 2.313499711893131661e+01
4.723618090452261640e+03 3.494601841453796709e+00 1.186456427463152830e+00 3.690517698719367523e+00 -6.994539780297849285e-01 1.875292479747846741e+01
4.773869346733668863e+03 3.677162102482647299e+00 9.270676765205350112e-01 3.792225679569161123e+00 -4.633163309015248532e-01 1.415023820479105154e+01
4.824120603015075176e+03 3.819961127388971978e+00 6.314772941062509748e-01 3.871804048209901428e+00 -2.829324351058636333e-01 9.386668174644624330e+00
4.874371859296482398e+03 3.914922875931333035e+00 3.081495278690768447e-01 3.927031608736602841e+00 -1.599118880129152820e-01 4.500558757375154428e+00
4.924623115577889621e+03 3.954716420877507854e+00 -2.982462294005498032e-02 3.954828880962073079e+00 -9.864588612637573140e-02 -4.320897993613495025e-01
4.974874371859296843e+03 3.935851717728414467e+00 -3.676803755681317676e-01 3.952988439462432169e+00 -1.026889415972045971e-01 -5.336982133567253150e+00
5.025125628140704066e+03 3.862964639424820934e+00 -6.929190443909933883e-01 3.924618784993807008e+00 -1.652502615661913254e-01 -1.016928049396611833e+01
5.075376884422110379e+03 3.742817505165215497e+00 -9.929844423215294924e-01 3.872299185195245741e+00 -2.818217305900111991e-01 -1.485850065034070155e+01
5.125628140703517602e+03 3.583233932864001048e+00 -1.258229385380660759e+00 3.797723871460827016e+00 -4.507321375515017103e-01 -1.934839422955433719e+01
5.175879396984924824e+03 3.395360483136478980e+00 -1.483653236858984759e+00 3.705360945668711103e+00 -6.645894313887840132e-01 -2.360363758348325192e+01
5.226130653266332047e+03 3.191130009144081736e+00 -1.669592890126408102e+00 3.601506789389763430e+00 -9.115150700625083147e-01 -2.761847515863604130e+01
5.276381909547739269e+03 2.979086420250788514e+00 -1.815641150244614366e+00 3.488768935567995388e+00 -1.187755693147892533e+00 -3.136073660622113124e+01
5.326633165829145582e+03 2.766602054324454940e+00 -1.925829838664223193e+00 3.370891201816184513e+00 -1.486305115584406478e+00 -3.484175061793785488e+01
5.376884422110552805e+03 2.559725126654047944e+00 -2.004511085522298064e+00 3.251193229570623622e+00 -1.800344189067168532e+00 -3.806436173473139206e+01
5.427135678391960028e+03 2.362557221517773698e+00 -2.056294322537866037e+00 3.132095618886378219e+00 -2.124499585655730272e+00 -4.103526964193343929e+01
5.477386934673367250e+03 2.177295809633212453e+00 -2.086189197744875212e+00 3.015427401121398621e+00 -2.454222287792806156e+00 -4.377583010028659061e+01
5.527638190954774473e+03 2.005084194583191426e+00 -2.098044719675077552e+00 2.902094807742124694e+00 -2.786967902935104657e+00 -4.629787165590482800e+01
5.577889447236180786e+03 1.846525246893415462e+00 -2.095932937651471484e+00 2.793311720260937214e+00 -3.118811754607529352e+00 -4.861982037496544251e+01
5.628140703517588008e+03 1.701124245804406243e+00 -2.082467556136207598e+00 2.688957943520783100e+00 -3.449519632146669679e+00 -5.075533156765209242e+01
5.678391959798995231e+03 1.568663198434759654e+00 -2.061242306059714924e+00 2.590255600208971831e+00 -3.774347399889743659e+00 -5.272784771062370623e+01
5.728643216080402453e+03 1.447982075355078502e+00 -2.032942720458764008e+00 2.495898274212288825e+00 -4.096662211548337318e+00 -5.453928155004879841e+01
5.778894472361809676e+03 1.338388079984721646e+00 -2.001216903056481033e+00 2.407519832882828670e+00 -4.409802356932313039e+00 -5.622590439354308955e+01
5.829145728643215989e+03 1.239018109284223401e+00 -1.965801034696214700e+00 2.323690939679147416e+00 -4.717632533928671990e+00 -5.777731727401564399e+01
5.879396984924623212e+03 1.148785745052638640e+00 -1.928614391315472965e+00 2.244830095669892334e+00 -5.017530303339093223e+00 -5.921971310336870431e+01
5.929648241206030434e+03 1.066748954864407128e+00 -1.890744536122240138e+00 2.170914146985184257e+00 -5.308346851048396431e+00 -6.056851820453547930e+01
5.979899497487437657e+03 9.922014412502934144e-01 -1.851992388182682969e+00 2.101032961641905672e+00 -5.592542510502033437e+00 -6.181990361061767913e+01
6.030150753768844879e+03 9.240392154314162054e-01 -1.813248017216004815e+00 2.035120842503677974e+00 -5.869395784579026554e+00 -6.299640772380132603e+01
6.080402010050251192e+03 8.619546541765307213e-01 -1.774604040933072113e+00 1.972862217173964261e+00 -6.139264714627694630e+00 -6.409338437152348433e+01
6.130653266331658415e+03 8.051848697540426869e-01 -1.736886426761052427e+00 1.914444340780794729e+00 -6.400344936710156141e+00 -6.512852969686890958e+01
6.180904522613065637e+03 7.535561317004754178e-01 -1.700885244957791587e+00 1.860337996208890843e+00 -6.649362699697375589e+00 -6.610485611080804347e+01
6.231155778894472860e+03 7.051439819271880793e-01 -1.663742871211659979e+00 1.807005361573603475e+00 -6.902011003360800423e+00 -6.703131669217404465e+01
6.281407035175880083e+03 6.608945400395808134e-01 -1.628602814343262928e+00 1.757591738698417227e+00 -7.142839774961544208e+00 -6.791245871033819981e+01
6.331658291457286396e+03 6.200402133575140251e-01 -1.594477820262802492e+00 1.710792034553133334e+00 -7.377255436267490474e+00 -6.875057119020436858e+01
6.381909547738693618e+03 5.822344711661092687e-01 -1.561305495146691147e+00 1.666334848879220010e+00 -7.605954286005717435e+00 -6.954875256227259683e+01
6.432160804020100841e+03 5.474294460009847541e-01 -1.528861965968093317e+00 1.623914378695123117e+00 -7.829937282157039213e+00 -7.029941504199865676e+01
6.482412060301508063e+03 5.148418006087663867e-01 -1.497704910703623105e+00 1.583724117136512177e+00 -8.047609221394074197e+00 -7.102939589293565348e+01
6.532663316582915286e+03 4.846238626958467854e-01 -1.466933736551626843e+00 1.544912578668308001e+00 -8.263121642295375935e+00 -7.171824239051868233e+01
6.582914572864321599e+03 4.565172052186726726e-01 -1.437525651824926642e+00 1.508273170985729772e+00 -8.471599707984569960e+00 -7.238163427658102478e+01
6.633165829145728821e+03 4.306002941043722276e-01 -1.408638575147725724e+00 1.472983112149282903e+00 -8.677244473446229733e+00 -7.300237091265506706e+01
6.683417085427136044e+03 4.061339382960192368e-01 -1.381109610778884722e+00 1.439586236674148312e+00 -8.876446108967941839e+00 -7.361331463116789564e+01
6.733668341708543267e+03 3.835005774916703247e-01 -1.353815253187010015e+00 1.407085083674136650e+00 -9.074792643280586546e+00 -7.418395633525885557e+01
6.783919597989950489e+03 3.623171110005843354e-01 -1.327879855060205561e+00 1.376422390982696253e+00 -9.266165248523943632e+00 -7.473813205040939067e+01
6.834170854271356802e+03 3.425351193254870807e-01 -1.302639205556483271e+00 1.346922123889926937e+00 -9.454350096844763129e+00 -7.526732514710471378e+01
6.884422110552764025e+03 3.242392907467274155e-01 -1.277770118530785926e+00 1.318266890077316233e+00 -9.641132939246485734e+00 -7.576149941568641566e+01
6.934673366834171247e+03 3.069867437103159236e-01 -1.254346831188795086e+00 1.291366266295985721e+00 -9.820211079275546595e+00 -7.624784400105259863e+01
6.984924623115578470e+03 2.907682905805353824e-01 -1.231669454711555867e+00 1.265525916161572617e+00 -9.995778960249975142e+00 -7.671700851156232659e+01
7.035175879396985692e+03 2.758438434097135739e-01 -1.209156448030493491e+00 1.240221408362540023e+00 -1.017121535159667367e+01 -7.714908277814507187e+01
7.085427135678392006e+03 2.616284302970386388e-01 -1.188214782675337089e+00 1.216677362864901246e+00 -1.033769127106489805e+01 -7.758240901612226992e+01
7.135678391959799228e+03 2.485224739997295151e-01 -1.167210873884527045e+00 1.193375315731487474e+00 -1.050565881707262506e+01 -7.798008119806722505e+01
7.185929648241206451e+03 2.360644141611529800e-01 -1.147260983987791194e+00 1.171295937418841859e+00 -1.066786708736117184e+01 -7.837290003580383768e+01
7.236180904522613673e+03 2.242511127177515828e-01 -1.128329561975617512e+00 1.150398262334935362e+00 -1.082423548572258021e+01 -7.875916350951341371e+01
7.286432160804020896e+03 2.129920035460929340e-01 -1.109822382727212231e+00 1.130075800456272761e+00 -1.097904832652260154e+01 -7.913614976851908978e+01
7.336683417085427209e+03 2.024044871336107831e-01 -1.091853133996867564e+00 1.110455241164902462e+00 -1.113117866174369475e+01 -7.949789611257331501e+01
7.386934673366834431e+03 1.923009818340586097e-01 -1.074689843817405288e+00 1.091759097978405535e+00 -1.127866343208845024e+01 -7.985507225738827231e+01
7.437185929648241654e+03 1.827782781223354913e-01 -1.058029166088163553e+00 1.073700896547348682e+00 -1.142353351158759978e+01 -8.019869023622096904e+01
7.487437185929648876e+03 1.735393074135540836e-01 -1.041935953313992691e+00 1.056288986038344868e+00 -1.156554479836069405e+01 -8.054392095357633252e+01
7.537688442211056099e+03 1.646464032429666990e-01 -1.026001156262625447e+00 1.039127908754783558e+00 -1.170781964255037444e+01 -8.088325052289246742e+01
7.587939698492462412e+03 1.563874954739412904e-01 -1.010635904289443276e+00 1.022664157863935719e+00 -1.184653912363759432e+01 -8.120372110476749583e+01
7.638190954773869635e+03 1.481323506991892580e-01 -9.957596764542873125e-01 1.006717699544422695e+00 -1.198304574256231447e+01 -8.153855355577387343e+01
7.688442211055276857e+03 1.404238862230401119e-01 -9.810837640950589300e-01 9.910823477354998579e-01 -1.211900500766451216e+01 -8.185449910529288786e+01
7.738693467336684080e+03 1.328546229895320174e-01 -9.672745317301484347e-01 9.763556578334908753e-01 -1.224903888104427629e+01 -8.217938959746314254e+01
7.788944723618091302e+03 1.257964046013021753e-01 -9.532912109755564689e-01 9.615554421528991202e-01 -1.238171322247656292e+01 -8.248267657385527230e+01
7.839195979899497615e+03 1.190414901637330408e-01 -9.396122292564021983e-01 9.471230214436706651e-01 -1.251307196636387786e+01 -8.277954234828591495e+01
7.889447236180904838e+03 1.124498158278205567e-01 -9.264309614549576244e-01 9.332305649849172990e-01 -1.264142074090785428e+01 -8.307931641224453756e+01
7.939698492462312061e+03 1.063265829354697461e-01 -9.134966386629359558e-01 9.196637706723125305e-01 -1.276861826293851365e+01 -8.336092300296613189e+01
7.989949748743719283e+03 1.003607464448082742e-01 -9.008158433657250663e-01 9.063892447980953504e-01 -1.289490495548401405e+01 -8.364283896956914077e+01
8.040201005025126506e+03 9.458522085997489448e-02 -8.882541080471721973e-01 8.932758389589453563e-01 -1.302148807678900511e+01 -8.392179670805779779e+01
8.090452261306532819e+03 8.924030565571820783e-02 -8.763598680276317721e-01 8.808918494587937298e-01 -1.314274799353822232e+01 -8.418557508741859863e+01
8.140703517587940041e+03 8.433407719079423492e-02 -8.645535822611095655e-01 8.686570860679948547e-01 -1.326423249136626481e+01 -8.442863025605605287e+01
8.190954773869347264e+03 7.952229310222425074e-02 -8.529851041896234776e-01 8.566839458456185774e-01 -1.338478725954706405e+01 -8.467381104066777198e+01
8.241206030150753577e+03 7.505228223206696081e-02 -8.416037116915220384e-01 8.449435795372305380e-01 -1.350464562185455364e+01 -8.490397469631038518e+01
8.291457286432161709e+03 7.081565949164454754e-02 -8.307117024881515155e-01 8.337246489579157593e-01 -1.362074699565511260e+01 -8.512748827041539812e+01
8.341708542713568022e+03 6.658794529973183218e-02 -8.201121123677554969e-01 8.228109329071546796e-01 -1.373519875361879983e+01 -8.535812559702239355e+01
8.391959798994976154e+03 6.277935539280765642e-02 -8.097799035661241707e-01 8.122097879754329730e-01 -1.384783544881486606e+01 -8.556692927000442239e+01
8.442211055276382467e+03 5.913673564308826597e-02 -7.995647437246287126e-01 8.017486719103136261e-01 -1.396043484263824297e+01 -8.577003947133013639e+01
8.492462311557788780e+03 5.564765242915649390e-02 -7.897793027789309361e-01 7.917373354331918023e-01 -1.406957732336185529e+01 -8.596961459662507821e+01
8.542713567839196912e+03 5.214662432664864122e-02 -7.801511191544872048e-01 7.818919613007052627e-01 -1.417826486389009943e+01 -8.617594118511355816e+01
8.592964824120603225e+03 4.877935701419913728e-02 -7.710318957671510320e-01 7.725733686589291160e-01 -1.428240515612521300e+01 -8.638000520527252490e+01
8.643216080402011357e+03 4.556338526833733638e-02 -7.622160458670469430e-01 7.635766645558960120e-01 -1.438414687501465750e+01 -8.657907122049557813e+01
8.693467336683417670e+03 4.242588610944635769e-02 -7.533659093888405156e-01 7.545595730235263865e-01 -1.448732915999188364e+01 -8.677678619935505822e+01
8.743718592964823983e+03 3.932592022374606366e-02 -7.449297548029110150e-01 7.459670687048923776e-01 -1.458680671398057171e+01 -8.697807806854346779e+01
8.793969849246232116e+03 3.634625814893335805e-02 -7.366120906134435709e-01 7.375082525093105135e-01 -1.468586214035650173e+01 -8.717517588778220272e+01
8.844221105527638429e+03 3.344408562697905735e-02 -7.283026434463841792e-01 7.290701251007447592e-01 -1.478581377379082085e+01 -8.737079114819378844e+01
8.894472361809046561e+03 3.060496480370058711e-02 -7.204310332274808104e-01 7.210808120508069852e-01 -1.488152104365378925e+01 -8.756745403562605645e+01
8.944723618090452874e+03 2.781379414005863762e-02 -7.125441826550295010e-01 7.130868245732699950e-01 -1.497835158190997973e+01 -8.776462371993449096e+01
8.994974874371859187e+03 2.504519636250304715e-02 -7.047816364877105277e-01 7.052265004884117339e-01 -1.507462735583875713e+01 -8.796478740099263405e+01
9.045226130653267319e+03 2.252123814844463751e-02 -6.972536391112126308e-01 6.976172614131391780e-01 -1.516885546709051624e+01 -8.814999397380628920e+01
9.095477386934673632e+03 1.970664479638752770e-02 -6.898237467782640797e-01 6.901051756568223894e-01 -1.526289413568404285e+01 -8.836363915877856812e+01
9.145728643216081764e+03 1.736378481396523565e-02 -6.820493107426005563e-01 6.822703007661422570e-01 -1.536207048960561394e+01 -8.854166447919075722e+01
9.195979899497488077e+03 1.479039584584881939e-02 -6.751805011565154002e-01 6.753424797473058794e-01 -1.545071846344203337e+01 -8.874508854091516241e+01
9.246231155778894390e+03 1.256075739365996972e-02 -6.678599231104499490e-01 6.679780307191236499e-01 -1.554595624454398184e+01 -8.892253820880675619e+01
9.296482412060302522e+03 1.023268551323176442e-02 -6.607334811587975976e-01 6.608127124814079378e-01 -1.563963204263048823e+01 -8.911273933589473017e+01
9.346733668341708835e+03 8.204137402152741898e-03 -6.538103013401651564e-01 6.538617728610772728e-01 -1.573148087318026178e+01 -8.928107927101412145e+01
9.396984924623116967e+03 6.013187512930735779e-03 -6.469770550989503155e-01 6.470049986271945164e-01 -1.582304710753387234e+01 -8.946749217284846623e+01
9.447236180904523280e+03 3.967625477191791955e-03 -6.404351047303357136e-01 6.404473947350268759e-01 -1.591153055991920695e+01 -8.964504555638301042e+01
9.497487437185929593e+03 2.019374274181778839e-03 -6.340662581268611264e-01 6.340694737703893580e-01 -1.599846292059309150e+01 -8.981752501335307670e+01
9.547738693467337725e+03 2.177848397043231920e-04 -6.274206400469635181e-01 6.274206778447596333e-01 -1.609002327455283421e+01 -8.998011198411498412e+01
9.597989949748744039e+03 -1.563555570476291099e-03 -6.212100925707159105e-01 6.212120602642381417e-01 -1.617640225518523778e+01 -9.014421038408632114e+01
9.648241206030150352e+03 -3.077315092783279495e-03 -6.149582609241723841e-01 6.149659604783527245e-01 -1.626417827806062988e+01 -9.028671164622262779e+01
9.698492462311558484e+03 -4.948816487731075124e-03 -6.092033258918112537e-01 6.092234262257759658e-01 -1.634566793180253086e+01 -9.046542763221070516e+01
9.748743718592964797e+03 -6.449863997549032217e-03 -6.030114428165348484e-01 6.030459359893457494e-01 -1.643419192581740162e+01 -9.061281738167889444e+01
9.798994974874372929e+03 -8.087269674514379475e-03 -5.973610338546716525e-01 5.974157754016129473e-01 -1.651566609797598773e+01 -9.077564167632473868e+01
9.849246231155779242e+03 -9.667926929008082565e-03 -5.917522663697536434e-01 5.918312374020524569e-01 -1.659724214865044090e+01 -9.093600339748105910e+01
9.899497487437185555e+03 -1.118694249429605034e-02 -5.860354245327897837e-01 5.861421896517071684e-01 -1.668114017887936029e+01 -9.109359729041257481e+01
9.949748743718593687e+03 -1.264631453776866171e-02 -5.807307475764175164e-01 5.808684278320288552e-01 -1.675964439174843790e+01 -9.124750746980829774e+01
1.000000000000000000e+04 -1.405569193752412988e-02 -5.752728038733724292e-01 5.754444902439975751e-01 -1.684113110367899324e+01 -9.139963444048923691e+01
