# f X Y R logR theta
0.000000000000000000e+00 4.171914690275310700e-02 0.000000000000000000e+00 4.171914690275310700e-02 -3.963449144374880717e+01 0.000000000000000000e+00
5.025125628140703782e+01 2.412549874843044413e-04 4.518675828798428967e-03 4.525111624562781765e-03 -5.892861389127631355e+01 8.694384346619446546e+01
1.005025125628140756e+02 1.764792126047317006e-04 9.066615823105346125e-03 9.068333220403063458e-03 -5.289065042428163110e+01 8.888489403991694360e+01
1.507537688442210992e+02 2.834777395767867176e-04 1.362536351783054205e-02 1.362831209731649347e-02 -4.935235841377547672e+01 8.880812462974218136e+01
2.010050251256281513e+02 3.062922274816710336e-04 1.804368688497339293e-02 1.804628635846102294e-02 -4.691344293714136882e+01 8.902749550470392137e+01
2.512562814070352033e+02 3.957541153357414516e-04 2.257691521591278019e-02 2.258038356596980475e-02 -4.496657352901472393e+01 8.899575658217305829e+01
3.015075376884421985e+02 6.187602388299998221e-04 2.701384431881046280e-02 2.702092983437256665e-02 -4.340719403203300431e+01 8.868785235860431726e+01
3.517587939698492505e+02 7.094775337519460944e-04 3.148121258611862733e-02 3.148920615486031083e-02 -4.207796558296736578e+01 8.870897004578257850e+01
4.020100502512563025e+02 6.613433185250441231e-04 3.591941725693326148e-02 3.592550502167830145e-02 -4.093314218795018888e+01 8.894519725121084264e+01
4.522613065326633546e+02 7.890470601539421262e-04 4.036697168546639347e-02 4.037468264046645272e-02 -3.991901739372572422e+01 8.888019071036097785e+01
5.025125628140704066e+02 9.736629512895729694e-04 4.466848468351263673e-02 4.467909515046065289e-02 -3.903911244419683158e+01 8.875129086384745847e+01
5.527638190954774018e+02 9.910532981121256829e-04 4.924336457030586978e-02 4.925333634225963902e-02 -3.819248674168073165e+01 8.884704249769887952e+01
6.030150753768843970e+02 9.438895511001724973e-04 5.371469657622168770e-02 5.372298908065556433e-02 -3.743799646102609557e+01 8.899328627679332726e+01
6.532663316582915058e+02 8.505192057458222819e-04 5.817140117170379460e-02 5.817761852464093525e-02 -3.674608103415331328e+01 8.916234287109708134e+01
7.035175879396985010e+02 7.860461398936509055e-04 6.278085767806265705e-02 6.278577832062927355e-02 -3.608397417994675749e+01 8.928266712448532871e+01
7.537688442211056099e+02 7.183100538680606186e-04 6.744987838844450356e-02 6.745370311516959982e-02 -3.546108388996251648e+01 8.938984947516574664e+01
8.040201005025126051e+02 5.282375146028635542e-04 7.217689440186599026e-02 7.217882736904186747e-02 -3.487300338355836971e+01 8.958067966121916470e+01
8.542713567839196003e+02 3.493481751882146057e-04 7.702137516884749457e-02 7.702216743930194454e-02 -3.430888511244687322e+01 8.974012358629735786e+01
9.045226130653267091e+02 2.679051496970456434e-04 8.204096864026752534e-02 8.204140606183314699e-02 -3.376053792874613890e+01 8.981290104101488225e+01
9.547738693467337043e+02 7.251175883112148516e-05 8.707953751493829886e-02 8.707956770546529390e-02 -3.324287453897531464e+01 8.995228940225929648e+01
1.005025125628140813e+03 -1.465508628961109672e-04 9.221336123937647067e-02 9.221347769290103025e-02 -3.274531180464417446e+01 9.009105772466988071e+01
1.055276381909547808e+03 -1.798763545729678396e-04 9.758863656896175909e-02 9.758880234377217966e-02 -3.225320006324633937e+01 9.010560803636715832e+01
1.105527638190954804e+03 -2.088752912305969791e-04 1.031726742382882700e-01 1.031728856743245187e-01 -3.176988827399663506e+01 9.011599637568662047e+01
1.155778894472361799e+03 -2.514875093100054650e-04 1.086146025067419862e-01 1.086148936548984451e-01 -3.132341220020541783e+01 9.013266307477476857e+01
1.206030150753768794e+03 -2.860780506974352848e-04 1.143881584927316369e-01 1.143885162243543779e-01 -3.087355129384086894e+01 9.014329307297744265e+01
1.256281407035176017e+03 -8.687579259048568581e-05 1.201668404299736093e-01 1.201668718338214786e-01 -3.044550470995940827e+01 9.004142253696826970e+01
1.306532663316583012e+03 1.392635615872644689e-04 1.262251411506512822e-01 1.262252179750204539e-01 -3.001827723976066764e+01 8.993678588109641225e+01
1.356783919597990007e+03 2.604758082852425861e-04 1.321518959723277375e-01 1.321521526753447473e-01 -2.961971498837998240e+01 8.988706824791590577e+01
1.407035175879397002e+03 6.511963858108372073e-04 1.381946194783393589e-01 1.381961537434956977e-01 -2.923128070692747471e+01 8.973001460889511804e+01
1.457286432160803997e+03 1.156908693684787458e-03 1.444259036895538806e-01 1.444305372636611740e-01 -2.884801929111434760e+01 8.954104792829613757e+01
1.507537688442211220e+03 1.557914132986007710e-03 1.507907069636315600e-01 1.507987546468390616e-01 -2.847324472695033393e+01 8.940806213693178961e+01
1.557788944723618215e+03 2.138418798691566446e-03 1.571596371021852789e-01 1.571741848047864543e-01 -2.811357549598922034e+01 8.922044353260777427e+01
1.608040201005025210e+03 2.719199694763813589e-03 1.636082591902847383e-01 1.636308544323331060e-01 -2.776389586353610994e+01 8.904782115610008475e+01
1.658291457286432205e+03 3.390037103349547495e-03 1.701013153950614309e-01 1.701350929429089054e-01 -2.742532177305669805e+01 8.885827391558484578e+01
1.708542713567839201e+03 4.008282663407169641e-03 1.768251659241837082e-01 1.768705900765439876e-01 -2.708808733222213760e+01 8.870143848129465880e+01
1.758793969849246423e+03 4.737074377191408288e-03 1.835527363463161366e-01 1.836138526742339683e-01 -2.676309096103788221e+01 8.852165573153345690e+01
1.809045226130653418e+03 5.399001601077315152e-03 1.904561189308771885e-01 1.905326283251791708e-01 -2.644181265801235270e+01 8.837622867848010344e+01
1.859296482412060413e+03 6.035139087418302760e-03 1.975202125124425889e-01 1.976123914504477053e-01 -2.612491634846818300e+01 8.824989833993551258e+01
1.909547738693467409e+03 6.616519171000064328e-03 2.046214567403498164e-01 2.047284027302588849e-01 -2.581763786404363259e+01 8.814796264971234052e+01
1.959798994974874404e+03 7.515236078121396296e-03 2.121439332599268923e-01 2.122770058020939099e-01 -2.550314076227937221e+01 8.797113537169798292e+01
2.010050251256281626e+03 8.237905887475969677e-03 2.196980451823729585e-01 2.198524372172546704e-01 -2.519857413778016308e+01 8.785261531070872820e+01
2.060301507537688394e+03 8.823200640828409227e-03 2.275095177358575915e-01 2.276805427127026604e-01 -2.489468146753413080e+01 8.777908656844607549e+01
2.110552763819095617e+03 9.678008126058949834e-03 2.355383713115271338e-01 2.357371167240638055e-01 -2.459264047820523658e+01 8.764710406258821251e+01
2.160804020100502839e+03 1.035899332777712872e-02 2.440344173507188741e-01 2.442541823479585372e-01 -2.428435964956481996e+01 8.756931626555513049e+01
2.211055276381909607e+03 1.124092371640618253e-02 2.526549288830932660e-01 2.529048664120937540e-01 -2.398205610360272999e+01 8.745252138979593326e+01
2.261306532663316830e+03 1.212760003357112558e-02 2.616560060622262207e-01 2.619369087986838651e-01 -2.367726586735372862e+01 8.734627396292188450e+01
2.311557788944723598e+03 1.318999453747309557e-02 2.709841711269528330e-01 2.713049888174933755e-01 -2.337204423175575130e+01 8.721336107156071193e+01
2.361809045226130820e+03 1.440922862080269880e-02 2.807411436441034636e-01 2.811106821236890041e-01 -2.306365284687374384e+01 8.706183367583891197e+01
2.412060301507537588e+03 1.560548489344065065e-02 2.906946468665203565e-01 2.911132234640164684e-01 -2.275996116285205062e+01 8.692711585577087874e+01
2.462311557788944810e+03 1.704133049042474632e-02 3.011439788904072823e-01 3.016257664173105368e-01 -2.245183105774509613e+01 8.676116359333948935e+01
2.512562814070352033e+03 1.871220243275037096e-02 3.119231256253582885e-01 3.124838920965003486e-01 -2.214464712120732059e+01 8.656695259706214074e+01
2.562814070351758801e+03 2.044403995805763041e-02 3.232747731316458206e-01 3.239205731550926504e-01 -2.183242918225641560e+01 8.638140838000984445e+01
2.613065326633166023e+03 2.241685427500684016e-02 3.347884663385164994e-01 3.355381238382352249e-01 -2.152636238969673954e+01 8.616929215825412314e+01
2.663316582914572791e+03 2.461736863203362394e-02 3.467268108271981397e-01 3.475996205187300014e-01 -2.121961395357623559e+01 8.593885327836771637e+01
2.713567839195980014e+03 2.697775797922065399e-02 3.592017050649914389e-01 3.602133594790489224e-01 -2.091000351138977109e+01 8.570487796567311989e+01
2.763819095477387236e+03 2.969041667048795755e-02 3.721229587768180580e-01 3.733055280743651227e-01 -2.059991140256216369e+01 8.543822948648568172e+01
2.814070351758794004e+03 3.253296964974170674e-02 3.855238017906128523e-01 3.868940369937468593e-01 -2.028935910241959206e+01 8.517644281356609781e+01
2.864321608040201227e+03 3.569644444985289877e-02 3.993747443393047547e-01 4.009668596810045949e-01 -1.997903024210750900e+01 8.489242840466276618e+01
2.914572864321607994e+03 3.902986108963250877e-02 4.138663721213514113e-01 4.157026630051399163e-01 -1.966554369415767667e+01 8.461262801307411507e+01
2.964824120603015217e+03 4.266940010427648644e-02 4.287414797400008748e-01 4.308595294929711272e-01 -1.935448576949908173e+01 8.431649914844690841e+01
3.015075376884422440e+03 4.660276058116552544e-02 4.444474900703897502e-01 4.468840886892870845e-01 -1.903730198900029791e+01 8.401409654043385444e+01
3.065326633165829207e+03 5.067319752458869508e-02 4.607459491963048492e-01 4.635241122618863896e-01 -1.871975321013513849e+01 8.372378973789416534e+01
3.115577889447236430e+03 5.513222580960807501e-02 4.779261591457700797e-01 4.810955995626540194e-01 -1.839657213537545033e+01 8.341960522723535121e+01
3.165829145728643198e+03 5.983732435933843824e-02 4.958496808314969417e-01 4.994471056750475202e-01 -1.807140981234930877e+01 8.311902835654812804e+01
3.216080402010050420e+03 6.510387927248238726e-02 5.149163309649000819e-01 5.190157444535574705e-01 -1.773758917727457884e+01 8.279399605207940738e+01
3.266331658291457643e+03 7.071294858377977222e-02 5.348438552259562329e-01 5.394981654930588455e-01 -1.740140038158737212e+01 8.246847312471648195e+01
3.316582914572864411e+03 7.698397181066604644e-02 5.559164070097066812e-01 5.612215101885593693e-01 -1.705851366506463052e+01 8.211575528645438737e+01
3.366834170854271633e+03 8.372463095321050486e-02 5.783581373810281478e-01 5.843868144500724560e-01 -1.670719165928040795e+01 8.176293482877883889e+01
3.417085427135678401e+03 9.115712238151711666e-02 6.020982219150072812e-01 6.089596782990580603e-01 -1.634942908299733588e+01 8.139085257642781812e+01
3.467336683417085624e+03 9.945334452811945003e-02 6.272532711813793016e-01 6.350886819536070149e-01 -1.598451236342924808e+01 8.099053814274934382e+01
3.517587939698492846e+03 1.086898321613215396e-01 6.542779244095368041e-01 6.632443606883573484e-01 -1.560772850593599337e+01 8.056805480652415952e+01
3.567839195979899614e+03 1.192061030680158645e-01 6.828980583060432208e-01 6.932242444164993245e-01 -1.522372496522024221e+01 8.009826472925283269e+01
3.618090452261306837e+03 1.309398982456080884e-01 7.136403792671017765e-01 7.255534769216277491e-01 -1.482781127396322773e+01 7.960292206490946398e+01
3.668341708542713604e+03 1.442075510103873193e-01 7.464757773440183763e-01 7.602775177063766376e-01 -1.442175686492164743e+01 7.906603499656033307e+01
3.718592964824120827e+03 1.593926995997198559e-01 7.814665209663986811e-01 7.975562400715158207e-01 -1.400597348058830960e+01 7.847173286728963149e+01
3.768844221105528050e+03 1.766351280542121926e-01 8.190672972970064469e-01 8.378968945903491061e-01 -1.357738820969082383e+01 7.783030952196718033e+01
3.819095477386934817e+03 1.962758573668728079e-01 8.593300958062323192e-01 8.814603937463380001e-01 -1.313714376416090168e+01 7.713402504916852820e+01
3.869346733668342040e+03 2.188415892433152321e-01 9.024064718393112194e-01 9.285629120312816065e-01 -1.268497315836716943e+01 7.636842464216287851e+01
3.919597989949748808e+03 2.450652375202224120e-01 9.490018646323287177e-01 9.801334142434281471e-01 -1.221549592238027238e+01 7.552056283536396109e+01
3.969849246231156030e+03 2.751048890087358645e-01 9.988142719445052276e-01 1.036008035584927711e+00 -1.173393734778309216e+01 7.460076767853460922e+01
4.020100502512563253e+03 3.100178072453818046e-01 1.052493629903896277e+00 1.097202753276492082e+00 -1.123546205185969526e+01 7.358737166674613661e+01
4.070351758793970021e+03 3.507714626251606238e-01 1.110368817666690155e+00 1.164456753271119860e+00 -1.071873254818308396e+01 7.246839405525389566e+01
4.120603015075376788e+03 3.984017211754037335e-01 1.172649458918474608e+00 1.238479182278537705e+00 -1.018342560888986981e+01 7.123506730006299392e+01
4.170854271356784011e+03 4.543208334975284979e-01 1.239368981231746769e+00 1.320016246638391344e+00 -9.629614296654652961e+00 6.986836106042453309e+01
4.221105527638191234e+03 5.206956036433999513e-01 1.311186176990842167e+00 1.410791658036516960e+00 -9.051942165870789481e+00 6.834108328294001922e+01
4.271356783919598456e+03 5.995343173132708925e-01 1.387925096402185643e+00 1.511878788415032426e+00 -8.450860347602681344e+00 6.663737149639078439e+01
4.321608040201005679e+03 6.945148942295787942e-01 1.469473384752328249e+00 1.625331648249731087e+00 -7.822359987229335232e+00 6.470325055156348526e+01
4.371859296482411992e+03 8.087010459079955194e-01 1.554757428909991024e+00 1.752503365019163706e+00 -7.168022615806991737e+00 6.251897862095558622e+01
4.422110552763819214e+03 9.476086318689646015e-01 1.642106628293028558e+00 1.895910413990194332e+00 -6.484843584544821127e+00 6.001209330819789045e+01
4.472361809045226437e+03 1.117154216279362844e+00 1.728417283177939412e+00 2.058023286490939352e+00 -5.772194136813255660e+00 5.712358720178828975e+01
4.522613065326633659e+03 1.324369513787152286e+00 1.807323962920071914e+00 2.240619226016310694e+00 -5.033838662753260529e+00 5.376681188257418853e+01
4.572864321608040882e+03 1.577262860998941418e+00 1.869214254465408676e+00 2.445755519626448660e+00 -4.272938980107046980e+00 4.984197116020622786e+01
4.623115577889447195e+03 1.882410934465613694e+00 1.897785781227495860e+00 2.673024840442931982e+00 -3.501139933006008231e+00 4.523303257449412484e+01
4.673366834170854418e+03 2.243030717293072129e+00 1.869083164515414897e+00 2.919701812616355419e+00 -2.734429836960754034e+00 3.980392636155954733e+01
4.723618090452261640e+03 2.651798076049659336e+00 1.750639026817606192e+00 3.177541508518428426e+00 -1.999375176718040992e+00 3.343161790475291184e+01
4.773869346733668863e+03 3.079821714706664437e+00 1.505464515643734735e+00 3.428078937574384977e+00 -1.340183551277789320e+00 2.605010034471912661e+01
4.824120603015075176e+03 3.472238257546258478e+00 1.108247421346946204e+00 3.644811499116248132e+00 -8.076983751832943481e-01 1.770171981604815059e+01
4.874371859296482398e+03 3.753190541438984784e+00 5.669759286524487241e-01 3.795774090224333541e+00 -4.551926865886377072e-01 8.590436510596870079e+00
4.924623115577889621e+03 3.853717609694176094e+00 -6.005066362697292909e-02 3.854185451878131552e+00 -3.225476710807329561e-01 -8.927408521157881305e-01
4.974874371859296843e+03 3.749889079235840139e+00 -6.792178805154798216e-01 3.810906064938383686e+00 -4.206349470576364324e-01 -1.026668067118392358e+01
5.025125628140704066e+03 3.478227387662234715e+00 -1.204090034497643069e+00 3.680747012694595810e+00 -7.224804608723224275e-01 -1.909479010412831101e+01
5.075376884422110379e+03 3.107975066725207736e+00 -1.588436490171896809e+00 3.490363806065948538e+00 -1.183785896359037748e+00 -2.707085096779362843e+01
5.125628140703517602e+03 2.707987713647284078e+00 -1.831760459193310986e+00 3.269333852198140544e+00 -1.752014398957718599e+00 -3.407554653572653081e+01
5.175879396984924824e+03 2.325312580573422494e+00 -1.959064796792163499e+00 3.040561375042994730e+00 -2.382124341386615551e+00 -4.011397851487226518e+01
5.226130653266332047e+03 1.983981979474462642e+00 -2.003387282071849462e+00 2.819529233195967155e+00 -3.037667791325003197e+00 -4.527883877522204159e+01
5.276381909547739269e+03 1.690870535664242835e+00 -1.993420242882608218e+00 2.613956279877618805e+00 -3.695233437618897110e+00 -4.969452967831561807e+01
5.326633165829145582e+03 1.444432291114508216e+00 -1.950126353810214930e+00 2.426803955707883542e+00 -4.340505943044981052e+00 -5.347315085947081315e+01
5.376884422110552805e+03 1.239065094249673038e+00 -1.888145968037508782e+00 2.258401537460566821e+00 -4.965176610653995404e+00 -5.672576312231075946e+01
5.427135678391960028e+03 1.068893681599764722e+00 -1.816489547523471915e+00 2.107645126397213797e+00 -5.565250054588166684e+00 -5.952577563944959138e+01
5.477386934673367250e+03 9.272653827083150446e-01 -1.741640121370792826e+00 1.973101974642382350e+00 -6.138209202305782597e+00 -6.196874802884081390e+01
5.527638190954774473e+03 8.091032150416163082e-01 -1.667055270030228797e+00 1.853030298167366308e+00 -6.683549419465429686e+00 -6.411043960239884143e+01
5.577889447236180786e+03 7.102411676902866677e-01 -1.594548967043250220e+00 1.745574095986978769e+00 -7.202434057794304678e+00 -6.599093749223844441e+01
5.628140703517588008e+03 6.268808202810240982e-01 -1.525309982139800180e+00 1.649105849984022987e+00 -7.696229180756619215e+00 -6.765803121143720489e+01
5.678391959798995231e+03 5.561603883758974298e-01 -1.460406959426374662e+00 1.562722900817485883e+00 -8.163560295794763277e+00 -6.915188456373522286e+01
5.728643216080402453e+03 4.959047288799304232e-01 -1.399013814287944246e+00 1.484304939254053712e+00 -8.610737173862231586e+00 -7.048224482517444756e+01
5.778894472361809676e+03 4.441321336127503350e-01 -1.342416276212038184e+00 1.413978362898954844e+00 -9.032344550290501317e+00 -7.169344453341592782e+01
5.829145728643215989e+03 3.995703413720839148e-01 -1.289059019246023396e+00 1.349566453644919228e+00 -9.437314338582948992e+00 -7.277810291164429657e+01
5.879396984924623212e+03 3.609000904430478829e-01 -1.239517957729062037e+00 1.290989404609745428e+00 -9.822746267650732221e+00 -7.376646584651159344e+01
5.929648241206030434e+03 3.270260354223094024e-01 -1.193539001781929176e+00 1.237530353817084094e+00 -1.019008262663145103e+01 -7.467719281779403673e+01
5.979899497487437657e+03 2.972578005934419787e-01 -1.150879335020529082e+00 1.188648578761168473e+00 -1.054013031809706469e+01 -7.551772569822698244e+01
6.030150753768844879e+03 2.710202597823104798e-01 -1.110725667212181023e+00 1.143312507154721658e+00 -1.087790073776753275e+01 -7.628760749470839642e+01
6.080402010050251192e+03 2.476466578091941206e-01 -1.073727005721636818e+00 1.101915854291976249e+00 -1.119823119235902809e+01 -7.701229883882533045e+01
6.130653266331658415e+03 2.268472760696874091e-01 -1.039068386156143831e+00 1.063542569796512627e+00 -1.150610226980092676e+01 -7.768453924414465916e+01
6.180904522613065637e+03 2.079769440345170251e-01 -1.006627817602502528e+00 1.027888112792979980e+00 -1.180228295440845443e+01 -7.832650858702915286e+01
6.231155778894472860e+03 1.910415256419499552e-01 -9.762858007548169681e-01 9.948019045393299287e-01 -1.208646766552750051e+01 -7.892815335980120039e+01
6.281407035175880083e+03 1.755790745123619323e-01 -9.479359673228205940e-01 9.640594429550852773e-01 -1.235912356859644134e+01 -7.950645562726634807e+01
6.331658291457286396e+03 1.615928150929512863e-01 -9.211251396754478460e-01 9.351918310334933482e-01 -1.262318573500991015e+01 -8.004986129585742560e+01
6.381909547738693618e+03 1.487819836743901614e-01 -8.957509082756340835e-01 9.080229998974198580e-01 -1.287926284287703282e+01 -8.056941036621354613e+01
6.432160804020100841e+03 1.370823377183128244e-01 -8.718566952476294318e-01 8.825676542693117188e-01 -1.312623969267854918e+01 -8.106451751974746855e+01
6.482412060301508063e+03 1.261999738255549230e-01 -8.491302925252051104e-01 8.584571550622146496e-01 -1.336682733188876426e+01 -8.154643108736181034e+01
6.532663316582915286e+03 1.162593235200791858e-01 -8.276884276666042206e-01 8.358135938105827334e-01 -1.359901122051205213e+01 -8.200439201077004725e+01
6.582914572864321599e+03 1.070463962868407892e-01 -8.072057507509342589e-01 8.142727153745106250e-01 -1.382580217235339504e+01 -8.244588230127311590e+01
6.633165829145728821e+03 9.871263138531956305e-02 -7.876936689332644237e-01 7.938548353903005506e-01 -1.404637793803625101e+01 -8.285701336776274673e+01
6.683417085427136044e+03 9.070535638990742666e-02 -7.693311819993908784e-01 7.746598797371656575e-01 -1.425897854483817895e+01 -8.327578011813797332e+01
6.733668341708543267e+03 8.349360427913703198e-02 -7.515823571552350257e-01 7.562058063401393415e-01 -1.446839967330736876e+01 -8.366097896936022948e+01
6.783919597989950489e+03 7.668448615570276627e-02 -7.346005881962722750e-01 7.385922654586042357e-01 -1.467310471845761910e+01 -8.404051474054251969e+01
6.834170854271356802e+03 7.049062543886197574e-02 -7.183536567373230985e-01 7.218039238066289442e-01 -1.487281505449637287e+01 -8.439562076230099308e+01
6.884422110552764025e+03 6.466171159225543585e-02 -7.031201362502891294e-01 7.060871496824348004e-01 -1.506403367265268756e+01 -8.474563271405934017e+01
6.934673366834171247e+03 5.942820312196771954e-02 -6.882009185952453478e-01 6.907620543151204995e-01 -1.525463037818714618e+01 -8.506458169002304714e+01
6.984924623115578470e+03 5.438456321953433203e-02 -6.743242093351256017e-01 6.765137249250909868e-01 -1.543566758914976589e+01 -8.538904858115868990e+01
7.035175879396985692e+03 4.976277695706290277e-02 -6.605893531389869233e-01 6.624610384400455576e-01 -1.561799300572027249e+01 -8.569199518071981458e+01
7.085427135678392006e+03 4.536774688652982224e-02 -6.477210748237353100e-01 6.493079571577535791e-01 -1.579218532436274103e+01 -8.599342644779807188e+01
7.135678391959799228e+03 4.147590960096199375e-02 -6.353015776000274784e-01 6.366540234525428499e-01 -1.596313006602878559e+01 -8.626472362967078311e+01
7.185929648241206451e+03 3.768306857934312221e-02 -6.233670781169500241e-01 6.245050261908380307e-01 -1.613048106560958672e+01 -8.654063129750824146e+01
7.236180904522613673e+03 3.410274736248199851e-02 -6.121651832644596780e-01 6.131143522858348849e-01 -1.629037017517472563e+01 -8.681143914137811635e+01
7.286432160804020896e+03 3.067129686181219519e-02 -6.013379483094024591e-01 6.021196363914291805e-01 -1.644754401261449317e+01 -8.708015380171060826e+01
7.336683417085427209e+03 2.742511030689063350e-02 -5.907793640590293105e-01 5.914155845708972681e-01 -1.660334453523728371e+01 -8.734212824469770453e+01
7.386934673366834431e+03 2.438219493287928710e-02 -5.808632597478304849e-01 5.813747654952186039e-01 -1.675207627972928037e+01 -8.759637535974232492e+01
7.437185929648241654e+03 2.156322423108970529e-02 -5.710499005262690275e-01 5.714568763522773764e-01 -1.690153056741437609e+01 -8.783750066215684171e+01
7.487437185929648876e+03 1.867465526391820507e-02 -5.618295706798165368e-01 5.621398484714397181e-01 -1.704431238122855063e+01 -8.809624626657954138e+01
7.537688442211056099e+03 1.590034484445591867e-02 -5.526477354901691008e-01 5.528764242654813366e-01 -1.718863840324868164e+01 -8.835198564574990598e+01
7.587939698492462412e+03 1.339538274408854680e-02 -5.439701808272118244e-01 5.441350879221539261e-01 -1.732706519082880448e+01 -8.858936419266613882e+01
7.638190954773869635e+03 1.076099726765078306e-02 -5.356057719840070508e-01 5.357138620987687005e-01 -1.746254214065096377e+01 -8.884901018775703108e+01
7.688442211055276857e+03 8.350132558582518474e-03 -5.274451410168037313e-01 5.275112335258670404e-01 -1.759656557630778195e+01 -8.909301014748908187e+01
7.738693467336684080e+03 6.050676186086829597e-03 -5.194101991708149901e-01 5.194454405276597297e-01 -1.773040105518672505e+01 -8.933258428727732792e+01
7.788944723618091302e+03 3.750085446629336169e-03 -5.117460594368530291e-01 5.117597996032944296e-01 -1.785987647361972819e+01 -8.958014288726046459e+01
7.839195979899497615e+03 1.651343054430981418e-03 -5.041286670292047800e-01 5.041313716230385600e-01 -1.799032534620153001e+01 -8.981232043456930114e+01
7.889447236180904838e+03 -4.311807515508742973e-04 -4.967571684728145920e-01 4.967573556032852111e-01 -1.811831369595422458e+01 -9.004973220848090421e+01
7.939698492462312061e+03 -2.449490270774114416e-03 -4.896234530722903822e-01 4.896295801940686587e-01 -1.824384688371932839e+01 -9.028663717547226497e+01
7.989949748743719283e+03 -4.120262159212312141e-03 -4.825510394112739188e-01 4.825686295203631127e-01 -1.837001810291252113e+01 -9.048920813783546180e+01
8.040201005025126506e+03 -6.071400273466009620e-03 -4.756431581453718360e-01 4.756819061008983329e-01 -1.849486718411817066e+01 -9.073131866630794207e+01
8.090452261306532819e+03 -7.649234211373214486e-03 -4.691509984091030150e-01 4.692133524232645070e-01 -1.861379257946121868e+01 -9.093409160143079362e+01
8.140703517587940041e+03 -9.342832225109277272e-03 -4.626997783800187447e-01 4.627940939844684687e-01 -1.873344366652774795e+01 -9.115675897652450033e+01
8.190954773869347264e+03 -1.081512228520003886e-02 -4.563434453585162309e-01 4.564715839915174378e-01 -1.885292488136728650e+01 -9.135762854228072172e+01
8.241206030150753577e+03 -1.216252220012541303e-02 -4.502413647241844674e-01 4.504056099283896275e-01 -1.896912400382441888e+01 -9.154737395194099747e+01
8.291457286432161709e+03 -1.342534851876105335e-02 -4.443648840181121384e-01 4.445676440445036071e-01 -1.908244280164233331e+01 -9.173051903913527383e+01
8.341708542713568022e+03 -1.469059013758013295e-02 -4.383899673909029127e-01 4.386360415510646149e-01 -1.919911355407203501e+01 -9.191928197445467674e+01
8.391959798994976154e+03 -1.581086602553407119e-02 -4.330139382040461560e-01 4.333024972965824895e-01 -1.930537598545171463e+01 -9.209114197965276105e+01
8.442211055276382467e+03 -1.690663640903305315e-02 -4.274555950968360052e-01 4.277898083571620713e-01 -1.941659115158118709e+01 -9.226497039884901596e+01
8.492462311557788780e+03 -1.786599486291970060e-02 -4.221474374615672986e-01 4.225253279127888506e-01 -1.952414487714941060e+01 -9.242340828811650510e+01
8.542713567839196912e+03 -1.892809583782905508e-02 -4.170564922496990401e-01 4.174857968119027318e-01 -1.962836572579035987e+01 -9.259858395381505147e+01
8.592964824120603225e+03 -1.997105116248635778e-02 -4.120309788061831124e-01 4.125146911087118617e-01 -1.973241142804845438e+01 -9.277494214936226058e+01
8.643216080402011357e+03 -2.096895927848746802e-02 -4.073462153090479099e-01 4.078855677513340550e-01 -1.983043304832932563e+01 -9.294681351718129747e+01
8.693467336683417670e+03 -2.197554494257756771e-02 -4.025339265597042693e-01 4.031333360156372225e-01 -1.993222557776125825e+01 -9.312484798838252686e+01
8.743718592964823983e+03 -2.294183110583976337e-02 -3.980174378522898793e-01 3.986780762080984197e-01 -2.002875274780529224e+01 -9.329889380437785462e+01
8.793969849246232116e+03 -2.368993453026045984e-02 -3.935198246835561742e-01 3.942322480683497221e-01 -2.012615689571145694e+01 -9.344505423689693657e+01
8.844221105527638429e+03 -2.461904200605778692e-02 -3.890941922857011348e-01 3.898722710064903563e-01 -2.022275286976606878e+01 -9.362043270692907981e+01
8.894472361809046561e+03 -2.545685180148626880e-02 -3.849443795665123402e-01 3.857852079376424270e-01 -2.031428839483507431e+01 -9.378353219818713171e+01
8.944723618090452874e+03 -2.645066140995058768e-02 -3.807544340932410010e-01 3.816720798940997361e-01 -2.040739199521784641e+01 -9.397390085217300282e+01
8.994974874371859187e+03 -2.750597005405902573e-02 -3.766614733970803930e-01 3.776644594481645134e-01 -2.049907748726532830e+01 -9.417665093350299799e+01
9.045226130653267319e+03 -2.823217193629001809e-02 -3.726491217769734576e-01 3.737170366646265229e-01 -2.059034189628381029e+01 -9.433249404912241687e+01
9.095477386934673632e+03 -2.912149417280581951e-02 -3.687703373317800515e-01 3.699184006218825815e-01 -2.067908113267682779e+01 -9.451523089362127905e+01
9.145728643216081764e+03 -2.997030039038724170e-02 -3.646526856702460573e-01 3.658822215850523474e-01 -2.077437367864678563e+01 -9.469850053330864625e+01
9.195979899497488077e+03 -3.079423328834828000e-02 -3.609745319636815664e-01 3.622856573619996357e-01 -2.086017700741073355e+01 -9.487601731628663515e+01
9.246231155778894390e+03 -3.154847348545257446e-02 -3.570319782547999865e-01 3.584231293817382591e-01 -2.095327928004174112e+01 -9.504972051287323609e+01
9.296482412060302522e+03 -3.244767388101772038e-02 -3.533667046761485020e-01 3.548533211257424158e-01 -2.104022234232980537e+01 -9.524643619540874795e+01
9.346733668341708835e+03 -3.293510985963411797e-02 -3.497339610118951336e-01 3.512813188123387609e-01 -2.112809873521299764e+01 -9.537978630048760920e+01
9.396984924623116967e+03 -3.360281498279697743e-02 -3.460885521699643697e-01 3.477160265473396850e-01 -2.121670566312880979e+01 -9.554564280818989630e+01
9.447236180904523280e+03 -3.435957541820304495e-02 -3.427429601163150541e-01 3.444609079884292657e-01 -2.129840098576410412e+01 -9.572470765958014738e+01
9.497487437185929593e+03 -3.494966105326697409e-02 -3.393444195744848568e-01 3.411394346950851197e-01 -2.138256131759277068e+01 -9.588025742311643285e+01
9.547738693467337725e+03 -3.563237374388641271e-02 -3.358165272553448322e-01 3.377016524041062118e-01 -2.147053611291945074e+01 -9.605680184392147680e+01
9.597989949748744039e+03 -3.618715337784596947e-02 -3.324264393126216133e-01 3.343902624534091372e-01 -2.155612738329655187e+01 -9.621261985701794117e+01
9.648241206030150352e+03 -3.668698998118551102e-02 -3.292772808891177849e-01 3.313147490583698285e-01 -2.163638443266972544e+01 -9.635748693187569813e+01
9.698492462311558484e+03 -3.731779302012146193e-02 -3.261708116786400380e-01 3.282986689997318686e-01 -2.171581738654714044e+01 -9.652693326997642487e+01
9.748743718592964797e+03 -3.773050593569240302e-02 -3.229689671308003107e-01 3.251654114565374343e-01 -2.179911297572473572e+01 -9.666331475126419548e+01
9.798994974874372929e+03 -3.831100419544625907e-02 -3.201661574826397683e-01 3.224501534185741369e-01 -2.187194806843120176e+01 -9.682355481545771170e+01
9.849246231155779242e+03 -3.879498725590053293e-02 -3.171143942564074725e-01 3.194786222594458436e-01 -2.195236376886968799e+01 -9.697476526583400869e+01
9.899497487437185555e+03 -3.931659182882633191e-02 -3.141116404499518233e-01 3.165626589779570454e-01 -2.203200612369167999e+01 -9.713446969396372310e+01
9.949748743718593687e+03 -3.978093780370356436e-02 -3.112894166276362617e-01 3.138210061753614055e-01 -2.210755961638405154e+01 -9.728258661588138523e+01
1.000000000000000000e+04 -4.033273107282847603e-02 -3.086057552614763777e-01 3.112302064008237168e-01 -2.217956501158349880e+01 -9.744597650058564398e+01
