# f X Y R logR theta
0.000000000000000000e+00 -4.288404596217539055e-02 5.251780962206607033e-18 4.288404596217539055e-02 -3.939528477040501997e+01 1.800000000000000000e+02
5.025125628140703782e+01 1.048908930731486436e-04 7.074275251285454778e-03 7.075052821739181985e-03 -5.504660609428155738e+01 8.915053275091591445e+01
1.005025125628140756e+02 1.511898974459509467e-04 1.443211943008291219e-02 1.443291133587629518e-02 -4.885412095302547186e+01 8.939979528295772582e+01
1.507537688442210992e+02 2.157913902203589904e-04 2.122107122830075784e-02 2.122216836236833284e-02 -4.550540471432870504e+01 8.941739464271987003e+01
2.010050251256281513e+02 4.907358138261886868e-04 2.836614812828209056e-02 2.837039268805797293e-02 -4.298389288429295618e+01 8.900887895341597300e+01
2.512562814070352033e+02 7.809745372141530797e-04 3.541551083414613138e-02 3.542412072121619432e-02 -4.105521824205104764e+01 8.873673165149000397e+01
3.015075376884421985e+02 1.062771246246919672e-03 4.232321139150702072e-02 4.233655282627576955e-02 -3.950688995623278288e+01 8.856155732978265860e+01
3.517587939698492505e+02 1.383487071851738619e-03 4.930267658831137545e-02 4.932208384942395746e-02 -3.818037148301337425e+01 8.839263951422408638e+01
4.020100502512563025e+02 1.595927201271129126e-03 5.638902203889149117e-02 5.641160155619007882e-02 -3.701383123139821407e+01 8.837884242784161870e+01
4.522613065326633546e+02 1.988329543607896596e-03 6.345996062251374470e-02 6.349110218436106179e-02 -3.598694249961584291e+01 8.820539387780479501e+01
5.025125628140704066e+02 2.354998784875069091e-03 7.060970536599840697e-02 7.064896680879252655e-02 -3.505908352693597152e+01 8.808975986842246186e+01
5.527638190954774018e+02 2.586757757837120173e-03 7.781574925113679542e-02 7.785873199078910400e-02 -3.421505329637529513e+01 8.809606991957244304e+01
6.030150753768843970e+02 2.754330344681659663e-03 8.515418097267665742e-02 8.519871403240193708e-02 -3.343253903283242323e+01 8.814740154811143213e+01
6.532663316582915058e+02 2.818708109141061270e-03 9.266311924022078983e-02 9.270598029648310923e-02 -3.269904481443731470e+01 8.825766394603968479e+01
7.035175879396985010e+02 2.964503157673688185e-03 1.002635443631633982e-01 1.003073606832314835e-01 -3.201454376100263488e+01 8.830642283586267638e+01
7.537688442211056099e+02 3.064537328033785021e-03 1.079757935807881125e-01 1.080192732267528100e-01 -3.137117480769883571e+01 8.837428440046467415e+01
8.040201005025126051e+02 2.974756920967885996e-03 1.160024695337630585e-01 1.160406054649426449e-01 -3.074900010347143464e+01 8.853103411658723587e+01
8.542713567839196003e+02 3.098385678416279692e-03 1.242877873593700583e-01 1.243264013816059860e-01 -3.014993256236204289e+01 8.857196217499981117e+01
9.045226130653267091e+02 3.381169897189324845e-03 1.328867573570976790e-01 1.329297656311701215e-01 -2.956875504563580748e+01 8.854248098924938404e+01
9.547738693467337043e+02 3.399226621759000606e-03 1.417349187502995322e-01 1.417756746934398515e-01 -2.900916537219264058e+01 8.862613946897857886e+01
1.005025125628140813e+03 3.667014430377145071e-03 1.507294458950554084e-01 1.507740456930934392e-01 -2.847466805986062965e+01 8.860635715884245656e+01
1.055276381909547808e+03 3.935100141008174290e-03 1.603538910086912961e-01 1.604021676123705276e-01 -2.793699516907631875e+01 8.859423812249868035e+01
1.105527638190954804e+03 4.413367378724195739e-03 1.703061023099775306e-01 1.703632774269036032e-01 -2.741368009888570612e+01 8.851555088703304364e+01
1.155778894472361799e+03 4.849647279061021152e-03 1.803444086224278153e-01 1.804096028489185488e-01 -2.691600681728545652e+01 8.845962857809931279e+01
1.206030150753768794e+03 5.561885489853473676e-03 1.910760987467420013e-01 1.911570299059831557e-01 -2.641339434516719820e+01 8.833269252419150064e+01
1.256281407035176017e+03 6.397923574446566508e-03 2.019788078557378241e-01 2.020801134423907686e-01 -2.593072828630578286e+01 8.818569338303153415e+01
1.306532663316583012e+03 7.520801038740302334e-03 2.133313736509256098e-01 2.134639019414176220e-01 -2.545471095251211580e+01 8.798092627068825777e+01
1.356783919597990007e+03 8.563212102938795242e-03 2.251202059216916296e-01 2.252830124881695928e-01 -2.498663092868238778e+01 8.782161055308962716e+01
1.407035175879397002e+03 1.018343420231608044e-02 2.372351018502732445e-01 2.374535657387827625e-01 -2.452962591492413225e+01 8.754205922180956634e+01
1.457286432160803997e+03 1.184050660414347200e-02 2.498173495198869609e-01 2.500977923088968935e-01 -2.407900266466375783e+01 8.728640249866174372e+01
1.507537688442211220e+03 1.378681509577078280e-02 2.628988644255116358e-01 2.632601169693360998e-01 -2.363349842811491186e+01 8.699807230671824243e+01
1.557788944723618215e+03 1.591284571580083018e-02 2.764161545160399580e-01 2.768738144646585297e-01 -2.319556214691363394e+01 8.670520815356003652e+01
1.608040201005025210e+03 1.835579833835032301e-02 2.904173290679957775e-01 2.909968390818475914e-01 -2.276343439575980199e+01 8.638343673409390533e+01
1.658291457286432205e+03 2.095340996208620507e-02 3.049572511686676202e-01 3.056762510065004768e-01 -2.233596586116300386e+01 8.606942270055760957e+01
1.708542713567839201e+03 2.379693796955769866e-02 3.202779536859242659e-01 3.211608037634263169e-01 -2.190674910364093364e+01 8.575068056775501191e+01
1.758793969849246423e+03 2.684802078636700992e-02 3.360785523005334063e-01 3.371492392644058755e-01 -2.148475614492053865e+01 8.543256058547378018e+01
1.809045226130653418e+03 3.012627437751084006e-02 3.527156204295522346e-01 3.539998605972508594e-01 -2.106113800648736856e+01 8.511808075430612064e+01
1.859296482412060413e+03 3.378082957573488865e-02 3.702121418855575108e-01 3.717501505666366279e-01 -2.063617676471054807e+01 8.478635698141840749e+01
1.909547738693467409e+03 3.769119361627019243e-02 3.885755531098278870e-01 3.903992655613325313e-01 -2.021101998698176772e+01 8.445973517410750731e+01
1.959798994974874404e+03 4.201135331686454283e-02 4.082516762283939782e-01 4.104075839343223620e-01 -1.977689227618018819e+01 8.412462862676564157e+01
2.010050251256281626e+03 4.689301182185309086e-02 4.289421927249438826e-01 4.314978090991973825e-01 -1.934162792743709147e+01 8.376106091607476856e+01
2.060301507537688394e+03 5.189245369400732888e-02 4.508380346646084780e-01 4.538146761075840252e-01 -1.890362909432587202e+01 8.343402395843892805e+01
2.110552763819095617e+03 5.774153569035357647e-02 4.743604560387050806e-01 4.778618285625340079e-01 -1.845515301429145083e+01 8.305981327078977472e+01
2.160804020100502839e+03 6.429415525751444593e-02 4.997251010618927181e-01 5.038441376374208636e-01 -1.799527563069552372e+01 8.266865486611781932e+01
2.211055276381909607e+03 7.171455659112663250e-02 5.267429735408631908e-01 5.316024245634443091e-01 -1.752946076594130886e+01 8.224701144214040482e+01
2.261306532663316830e+03 8.017409913546184874e-02 5.559766212821479758e-01 5.617275937538549480e-01 -1.705068466145624129e+01 8.179428141340601144e+01
2.311557788944723598e+03 8.987933024394244297e-02 5.875007395370716035e-01 5.943361111035621036e-01 -1.656055746179324828e+01 8.130199315708705399e+01
2.361809045226130820e+03 1.011302283388795797e-01 6.217664464387429035e-01 6.299371690898513121e-01 -1.605525513838777130e+01 8.076174825141364977e+01
2.412060301507537588e+03 1.142195031486254453e-01 6.585878094958401707e-01 6.684190285412645594e-01 -1.554022372885751224e+01 8.016100677285758991e+01
2.462311557788944810e+03 1.295864485888140460e-01 6.988939706788670492e-01 7.108061830830780803e-01 -1.500617588769862110e+01 7.949571159823156563e+01
2.512562814070352033e+03 1.476727748339940194e-01 7.427111719148574709e-01 7.572497166155379711e-01 -1.445641743696864090e+01 7.875457593286419922e+01
2.562814070351758801e+03 1.688296668538439294e-01 7.908479062092861334e-01 8.086679585377375412e-01 -1.388579511436377345e+01 7.794942522147496788e+01
2.613065326633166023e+03 1.940705624302500321e-01 8.431063023287936886e-01 8.651541020121933379e-01 -1.329933040112970133e+01 7.703715980637008442e+01
2.663316582914572791e+03 2.242154842434203321e-01 9.008255547901354854e-01 9.283098962832762036e-01 -1.268734022073959267e+01 7.602308963224574256e+01
2.713567839195980014e+03 2.605165875377328244e-01 9.641593674576390827e-01 9.987352893728248526e-01 -1.205219191586313343e+01 7.487970463860170867e+01
2.763819095477387236e+03 3.047308525688763314e-01 1.034368192003434439e+00 1.078322052605717785e+00 -1.138623008670134951e+01 7.358472162722571852e+01
2.814070351758794004e+03 3.586434857262214559e-01 1.111636330112491633e+00 1.168058423316155281e+00 -1.069190851402366249e+01 7.211891689620563284e+01
2.864321608040201227e+03 4.253425781342669576e-01 1.197145073993825859e+00 1.270461584213229189e+00 -9.961969075847603605e+00 7.044000447089045736e+01
2.914572864321607994e+03 5.086674896901954845e-01 1.291608756118801438e+00 1.388162740441653886e+00 -9.192392159330559309e+00 6.850425230527866916e+01
2.964824120603015217e+03 6.138897136173515623e-01 1.394932205006624626e+00 1.524039512955565723e+00 -8.381275289163315989e+00 6.624639190147206591e+01
3.015075376884422440e+03 7.486358751758654950e-01 1.507017045417588186e+00 1.682722808064207376e+00 -7.520948200362215452e+00 6.358334425327230832e+01
3.065326633165829207e+03 9.232094541460246218e-01 1.625188180639252966e+00 1.869104683722697446e+00 -6.608527311128775672e+00 6.040069107421532379e+01
3.115577889447236430e+03 1.151239056793206705e+00 1.742310266208835889e+00 2.088299889772256002e+00 -5.645342515421736707e+00 5.654509333402426563e+01
3.165829145728643198e+03 1.450434209915890005e+00 1.843532111976867061e+00 2.345713120819385100e+00 -4.635701884638637971e+00 5.180542283672412651e+01
3.216080402010050420e+03 1.839411316133677143e+00 1.900160223862275455e+00 2.644625278989248152e+00 -3.593916928973087899e+00 4.593068145822108761e+01
3.266331658291457643e+03 2.327835554504774418e+00 1.858928722809174428e+00 2.978998886421661663e+00 -2.559793009126572372e+00 3.860965021106032680e+01
3.316582914572864411e+03 2.893080311011458239e+00 1.641527320061644923e+00 3.326338171093089713e+00 -1.601871835841247371e+00 2.957047986721499910e+01
3.366834170854271633e+03 3.441256337931447362e+00 1.168967721683940475e+00 3.634381751782866488e+00 -8.325889621376367788e-01 1.876222032604412604e+01
3.417085427135678401e+03 3.803775843010680280e+00 4.376937251888068925e-01 3.828875351972334862e+00 -3.797752618501746280e-01 6.564054214216993977e+00
3.467336683417085624e+03 3.827207599990731790e+00 -4.072657964952190457e-01 3.848815849377793086e+00 -3.346571802054446598e-01 -6.074174330278414580e+00
3.517587939698492846e+03 3.516710916709829604e+00 -1.144583390761478414e+00 3.698287010240434824e+00 -6.811875844885217912e-01 -1.802850708182739581e+01
3.567839195979899614e+03 3.020470497250486552e+00 -1.639781459327436908e+00 3.436877254007570937e+00 -1.317919389570378685e+00 -2.849706675165244008e+01
3.618090452261306837e+03 2.495020267196203623e+00 -1.894142422683414262e+00 3.132555131378984559e+00 -2.123225364645060065e+00 -3.720464693161746794e+01
3.668341708542713604e+03 2.028677878073085861e+00 -1.978950642344524669e+00 2.834039445353385478e+00 -2.993082013622625048e+00 -4.428910214302481307e+01
3.718592964824120827e+03 1.647013615040142209e+00 -1.963695229795489494e+00 2.562957823228692700e+00 -3.866370639197102665e+00 -5.001236999740399369e+01
3.768844221105528050e+03 1.345543175173475214e+00 -1.898493678993040001e+00 2.326964693636851322e+00 -4.705403948319409224e+00 -5.467317824633753531e+01
3.819095477386934817e+03 1.109262158572506651e+00 -1.808084301943986949e+00 2.121233457066244554e+00 -5.509430458716230383e+00 -5.847082810835846090e+01
3.869346733668342040e+03 9.244771641931330830e-01 -1.712073868061466442e+00 1.945727359321836936e+00 -6.259560113435633788e+00 -6.163206072356292253e+01
3.919597989949748808e+03 7.786254860694824531e-01 -1.617430899737616112e+00 1.795087842692655755e+00 -6.959485713528703599e+00 -6.429400162175282674e+01
3.969849246231156030e+03 6.625210003147046223e-01 -1.527505545397401576e+00 1.664994674789625151e+00 -7.612942850050963273e+00 -6.655230128222605401e+01
4.020100502512563253e+03 5.685984980118875542e-01 -1.444134272368855720e+00 1.552039963587181326e+00 -8.223141831647582833e+00 -6.850896887327968443e+01
4.070351758793970021e+03 4.919636258288761499e-01 -1.367577091369518660e+00 1.453373768160622692e+00 -8.793653479001608986e+00 -7.021462993131792985e+01
4.120603015075376788e+03 4.290297665402239002e-01 -1.297392600980492805e+00 1.366489700530701956e+00 -9.329072572791943685e+00 -7.170166450906069144e+01
4.170854271356784011e+03 3.758391340505592426e-01 -1.233381536810742141e+00 1.289373906215533161e+00 -9.833622288509580756e+00 -7.305284041964362984e+01
4.221105527638191234e+03 3.323908934360259027e-01 -1.174699324263773770e+00 1.220820301463309665e+00 -1.030816497233494289e+01 -7.420070040013604284e+01
4.271356783919598456e+03 2.949052736140440611e-01 -1.121334503324306731e+00 1.159465475445881522e+00 -1.075604339660170616e+01 -7.526517071021714855e+01
4.321608040201005679e+03 2.630397315978817430e-01 -1.072433334652414416e+00 1.104220610961769378e+00 -1.118008284145272313e+01 -7.621890440104083098e+01
4.371859296482411992e+03 2.355513183711914760e-01 -1.027423933179718141e+00 1.054079865122604653e+00 -1.158372947491083060e+01 -7.708729303532480515e+01
4.422110552763819214e+03 2.118904568452777415e-01 -9.863330200771782685e-01 1.008836157260765365e+00 -1.196478704246280067e+01 -7.787562253436864523e+01
4.472361809045226437e+03 1.913009151244039197e-01 -9.481971050170403537e-01 9.673023261060269551e-01 -1.232995518380200828e+01 -7.859356409704014368e+01
4.522613065326633659e+03 1.733228274540598302e-01 -9.132964515699119046e-01 9.295973380807747155e-01 -1.267530239780466239e+01 -7.925435509895254427e+01
4.572864321608040882e+03 1.574232192860547941e-01 -8.809698345318732748e-01 8.949245327542997286e-01 -1.300547155354289686e+01 -7.986857337763829889e+01
4.623115577889447195e+03 1.432757516764185945e-01 -8.510798864295114896e-01 8.630555683751266471e-01 -1.332042464778787760e+01 -8.044409451020321455e+01
4.673366834170854418e+03 1.307454061049855842e-01 -8.232974671986347248e-01 8.336144676727034186e-01 -1.362189495946809004e+01 -8.097638278469095496e+01
4.723618090452261640e+03 1.195344178191774104e-01 -7.975223612451797228e-01 8.064306502914287966e-01 -1.390985931061481118e+01 -8.147583459941363060e+01
4.773869346733668863e+03 1.093917817652195756e-01 -7.735079009503494918e-01 7.812048609362239882e-01 -1.418590108736091082e+01 -8.195044258668541204e+01
4.824120603015075176e+03 1.003585995250314000e-01 -7.509942323191903801e-01 7.576702353103992316e-01 -1.445159529562252132e+01 -8.238841356407982630e+01
4.874371859296482398e+03 9.176753366365072995e-02 -7.300520930777472106e-01 7.357970772175633778e-01 -1.470603865926119092e+01 -8.283549816044278202e+01
4.924623115577889621e+03 8.419032517541348570e-02 -7.102725402718234049e-01 7.152447779028735519e-01 -1.495210591361569463e+01 -8.324013324276253911e+01
4.974874371859296843e+03 7.712418773392024085e-02 -6.917656699601730796e-01 6.960516377892260742e-01 -1.518837063276633970e+01 -8.363842788483918866e+01
5.025125628140704066e+03 7.048427749365575312e-02 -6.742509685259880925e-01 6.779250710307412886e-01 -1.541756592078608890e+01 -8.403213823363392976e+01
5.075376884422110379e+03 6.446386584062953340e-02 -6.578783558991501135e-01 6.610291379051966842e-01 -1.563678775779846042e+01 -8.440359465884998258e+01
5.125628140703517602e+03 5.876363785026234715e-02 -6.421140225203134655e-01 6.447973193574972894e-01 -1.585273536075090917e+01 -8.477109079020388549e+01
5.175879396984924824e+03 5.351670956098422000e-02 -6.271955750774874661e-01 6.294746441271601434e-01 -1.606163500702048452e+01 -8.512293692925719313e+01
5.226130653266332047e+03 4.856352577098637519e-02 -6.130928807881461662e-01 6.150132490511218686e-01 -1.626351039144720545e+01 -8.547101663500986035e+01
5.276381909547739269e+03 4.382347437554360431e-02 -5.995526449179726658e-01 6.011521196290340319e-01 -1.646151217166117675e+01 -8.581947843420449828e+01
5.326633165829145582e+03 3.948705719133951270e-02 -5.865753663320575351e-01 5.879029580408824396e-01 -1.665508691950833153e+01 -8.614877552024316287e+01
5.376884422110552805e+03 3.538741066157229109e-02 -5.741847410387634909e-01 5.752741830423843128e-01 -1.684370213968097119e+01 -8.647328140418441933e+01
5.427135678391960028e+03 3.180696869116159814e-02 -5.623071983223223436e-01 5.632060622386979576e-01 -1.702785341017624887e+01 -8.676250787726820590e+01
5.477386934673367250e+03 2.816202073249743365e-02 -5.509549011532802743e-01 5.516741814844686731e-01 -1.720754664010715729e+01 -8.707387691266869467e+01
5.527638190954774473e+03 2.492723218203934943e-02 -5.399209657569410403e-01 5.404960833976183432e-01 -1.738534880119690129e+01 -8.735662842212676082e+01
5.577889447236180786e+03 2.191333748391988481e-02 -5.295289950234126630e-01 5.299822175603532415e-01 -1.755597386642925173e+01 -8.763029827715347153e+01
5.628140703517588008e+03 1.921407433190836650e-02 -5.194697438947469825e-01 5.198249661900687935e-01 -1.772405714672222743e+01 -8.788171736656994426e+01
5.678391959798995231e+03 1.653498793495937480e-02 -5.099595450848849465e-01 5.102275408572062299e-01 -1.788592188496869539e+01 -8.814288557062954510e+01
5.728643216080402453e+03 1.410379992544878031e-02 -5.007183589702240978e-01 5.009169513823337194e-01 -1.804588525117419451e+01 -8.838656883844703316e+01
5.778894472361809676e+03 1.186480611018619728e-02 -4.918287251223803502e-01 4.919718167532956543e-01 -1.820239533946839927e+01 -8.861807281016342586e+01
5.829145728643215989e+03 9.913429563491305344e-03 -4.832312476179033145e-01 4.833329233148366266e-01 -1.835627224461904561e+01 -8.882474898949639908e+01
5.879396984924623212e+03 8.025921539829469417e-03 -4.750974775421766827e-01 4.751652644959462601e-01 -1.850430611929813196e+01 -8.903218241320762161e+01
5.929648241206030434e+03 6.227555027146904586e-03 -4.672697494853035316e-01 4.673112466287051014e-01 -1.864907516305945023e+01 -8.923643356687934158e+01
5.979899497487437657e+03 4.525825639793687460e-03 -4.599223268942533305e-01 4.599445943519134272e-01 -1.878708944581764939e+01 -8.943620406471231377e+01
6.030150753768844879e+03 2.814606745120790902e-03 -4.526125739757932420e-01 4.526213253174474205e-01 -1.892649958763131224e+01 -8.964370629969322124e+01
6.080402010050251192e+03 1.267368873559698156e-03 -4.456966878856072345e-01 4.456984898067998246e-01 -1.906037657582897182e+01 -8.983707598957433049e+01
6.130653266331658415e+03 -2.224584330664472628e-04 -4.390972365452981419e-01 4.390972928969978928e-01 -1.918998463416495071e+01 -9.002902757562671354e+01
6.180904522613065637e+03 -1.846805347784967249e-03 -4.326711578054642238e-01 4.326750992219376424e-01 -1.931796178769621619e+01 -9.024455873125897654e+01
6.231155778894472860e+03 -3.209093948350945184e-03 -4.265250218109044589e-01 4.265370939493561275e-01 -1.944206371217402562e+01 -9.043107452218531250e+01
6.281407035175880083e+03 -4.702194406838466380e-03 -4.206302417744738342e-01 4.206565236953921927e-01 -1.956264725652529535e+01 -9.064047860858339334e+01
6.331658291457286396e+03 -6.153034515852780564e-03 -4.148866649590399192e-01 4.149322891684713577e-01 -1.968165518579769468e+01 -9.084967075377545598e+01
6.381909547738693618e+03 -7.544282847364969236e-03 -4.093853878182345807e-01 4.094548961274823706e-01 -1.979707845392447751e+01 -9.105574516752081138e+01
6.432160804020100841e+03 -8.908623223972778754e-03 -4.040196557488257012e-01 4.041178612721124663e-01 -1.991103890874850890e+01 -9.126316580272350620e+01
6.482412060301508063e+03 -1.017146122084558284e-02 -3.986729444972809122e-01 3.988026771443481944e-01 -2.002603852558658559e+01 -9.146148718420523949e+01
6.532663316582915286e+03 -1.156940651951723388e-02 -3.934812771297158673e-01 3.936513261997806601e-01 -2.013896544844156722e+01 -9.168416460762614406e+01
6.582914572864321599e+03 -1.284250898507035589e-02 -3.884385484719650172e-01 3.886507892389242658e-01 -2.025000874714625354e+01 -9.189361647009589262e+01
6.633165829145728821e+03 -1.403063066304931043e-02 -3.835247093057422285e-01 3.837812674491251630e-01 -2.035952437073387955e+01 -9.209513900775260709e+01
6.683417085427136044e+03 -1.526686975474108449e-02 -3.787251698067208849e-01 3.790327578946677822e-01 -2.046766491700731549e+01 -9.230841234154975439e+01
6.733668341708543267e+03 -1.643451146439973976e-02 -3.740197131758649096e-01 3.743806071516388445e-01 -2.057493294111194970e+01 -9.251597121489838571e+01
6.783919597989950489e+03 -1.752089114479811471e-02 -3.694427170042241526e-01 3.698579494535315648e-01 -2.068050067569927108e+01 -9.271522881301150676e+01
6.834170854271356802e+03 -1.859223045835261059e-02 -3.648712302364019444e-01 3.653446122329463419e-01 -2.078714568351913528e+01 -9.291701760189951642e+01
6.884422110552764025e+03 -1.955581919821464815e-02 -3.605538901051593137e-01 3.610838375425803326e-01 -2.088903883803731176e+01 -9.310458199415315050e+01
6.934673366834171247e+03 -2.048255520112607364e-02 -3.562813157705481681e-01 3.568695994824442885e-01 -2.099100875757523355e+01 -9.329030337673387407e+01
6.984924623115578470e+03 -2.158766568860234422e-02 -3.520225832115872477e-01 3.526838901918284974e-01 -2.109348737608333835e+01 -9.350924958129851916e+01
7.035175879396985692e+03 -2.234268602866681941e-02 -3.480438558280642414e-01 3.487602632162126737e-01 -2.119065989131563654e+01 -9.367306429233354947e+01
7.085427135678392006e+03 -2.312982608332378454e-02 -3.439423845968678783e-01 3.447192376076864684e-01 -2.129188941492870768e+01 -9.384729856166792672e+01
7.135678391959799228e+03 -2.388132694549605778e-02 -3.401241295189824099e-01 3.409614952714208891e-01 -2.138709308749181659e+01 -9.401634934420411582e+01
7.185929648241206451e+03 -2.462096123171943554e-02 -3.363004791380531100e-01 3.372005397392743298e-01 -2.148343460444460007e+01 -9.418722236389766067e+01
7.236180904522613673e+03 -2.533810020461699578e-02 -3.327258830517429988e-01 3.336892754862543775e-01 -2.157435484671396253e+01 -9.435484462192482624e+01
7.286432160804020896e+03 -2.606713274468337033e-02 -3.292105965940425594e-01 3.302409912765741917e-01 -2.166458024206861666e+01 -9.452727557657429713e+01
7.336683417085427209e+03 -2.682535326659442332e-02 -3.257923523612723526e-01 3.268948706158740780e-01 -2.175303770621517785e+01 -9.470704780776570431e+01
7.386934673366834431e+03 -2.754487098394221845e-02 -3.224082465100070460e-01 3.235827519123655183e-01 -2.184149254358403169e+01 -9.488319320859939410e+01
7.437185929648241654e+03 -2.808006256024538419e-02 -3.190195512595447314e-01 3.202529687594302121e-01 -2.193133653926379267e+01 -9.503020385641247003e+01
7.487437185929648876e+03 -2.900036197828872314e-02 -3.158822124073236703e-01 3.172106446987826289e-01 -2.201424477468350815e+01 -9.524547891812420630e+01
7.537688442211056099e+03 -2.974402748333809104e-02 -3.126148386206065166e-01 3.140266620793805141e-01 -2.210186936812820591e+01 -9.543509839730957367e+01
7.587939698492462412e+03 -3.023995061139711851e-02 -3.096612167812878846e-01 3.111342536453476360e-01 -2.218224329771530634e+01 -9.557753132020744147e+01
7.638190954773869635e+03 -3.104212629462645145e-02 -3.066604986593589044e-01 3.082276351057740560e-01 -2.226376834359000156e+01 -9.578015426168920499e+01
7.688442211055276857e+03 -3.176881987152771480e-02 -3.037055468103573297e-01 3.053625993461015486e-01 -2.234488295029645144e+01 -9.597165122405274928e+01
7.738693467336684080e+03 -3.245339264430145004e-02 -3.008006105485988568e-01 3.025462443999843432e-01 -2.242536450115304802e+01 -9.615782528055801492e+01
7.788944723618091302e+03 -3.311588785030281784e-02 -2.977147045995960917e-01 2.995508427010990515e-01 -2.251178891271710469e+01 -9.634712596555721120e+01
7.839195979899497615e+03 -3.384952938688270963e-02 -2.949518971203027307e-01 2.968878782547025308e-01 -2.258935050680834422e+01 -9.654678743467115964e+01
7.889447236180904838e+03 -3.450985493732088710e-02 -2.920711128435992121e-01 2.941028137327036940e-01 -2.267121623660546703e+01 -9.673857795224735412e+01
7.939698492462312061e+03 -3.501306874732591085e-02 -2.892123237761636267e-01 2.913240175596812365e-01 -2.275367401566337833e+01 -9.690283735909299878e+01
7.989949748743719283e+03 -3.567337169340983188e-02 -2.864265703546394204e-01 2.886395150583117575e-01 -2.283408410242623887e+01 -9.709942017103374212e+01
8.040201005025126506e+03 -3.628547914749042508e-02 -2.836979479665506232e-01 2.860090237691716997e-01 -2.291360511423478385e+01 -9.728866068027305403e+01
8.090452261306532819e+03 -3.690652968514421955e-02 -2.811838287132646386e-01 2.835955526154297912e-01 -2.298721150858990114e+01 -9.747756110337667224e+01
8.140703517587940041e+03 -3.745644870670471888e-02 -2.784210332494584939e-01 2.809292745610789122e-01 -2.306925987215484142e+01 -9.766209351987031084e+01
8.190954773869347264e+03 -3.786824506011911284e-02 -2.758177192129877553e-01 2.784051332425244718e-01 -2.314765505560842485e+01 -9.781751818398497278e+01
8.241206030150753577e+03 -3.831516237486187054e-02 -2.732087158919476733e-01 2.758823193086845649e-01 -2.322672245870967345e+01 -9.798317311936838792e+01
8.291457286432161709e+03 -3.865249261351452054e-02 -2.707464862071846112e-01 2.734916360307477201e-01 -2.330231884251111296e+01 -9.812479792580744231e+01
8.341708542713568022e+03 -3.918295988766302279e-02 -2.683722450872128018e-01 2.712175626295414421e-01 -2.337484365170456613e+01 -9.830662313772715777e+01
8.391959798994976154e+03 -3.941242904939738778e-02 -2.658862070699248847e-01 2.687913962045749283e-01 -2.345289256278349299e+01 -9.843158259360400564e+01
8.442211055276382467e+03 -3.985770678192578076e-02 -2.634849375249755377e-01 2.664825493206904872e-01 -2.352782433843476895e+01 -9.860198909776335086e+01
8.492462311557788780e+03 -4.007782161925425163e-02 -2.611055942155203202e-01 2.641635158692144381e-01 -2.360374310306391976e+01 -9.872638210812829129e+01
8.542713567839196912e+03 -4.046402472855398225e-02 -2.590520456238282199e-01 2.621932486528266715e-01 -2.366876973398382944e+01 -9.887788316930407007e+01
8.592964824120603225e+03 -4.079515133505812186e-02 -2.567022606123781081e-01 2.599236329692926617e-01 -2.374428445573559543e+01 -9.902993801930607276e+01
8.643216080402011357e+03 -4.132387121472270997e-02 -2.546175115011026224e-01 2.579491025283575656e-01 -2.381051940277666290e+01 -9.921860075688853442e+01
8.693467336683417670e+03 -4.158083439637901002e-02 -2.524943903703558701e-01 2.558952577864559430e-01 -2.387995507296226805e+01 -9.935154831730531555e+01
8.743718592964823983e+03 -4.196206355582594166e-02 -2.505100779250272747e-01 2.540002242516065101e-01 -2.394451782556267005e+01 -9.950913359122895940e+01
8.793969849246232116e+03 -4.228389569543179044e-02 -2.484473600497204560e-01 2.520198772931563913e-01 -2.401250391106414384e+01 -9.965876873218554977e+01
8.844221105527638429e+03 -4.263332335823610819e-02 -2.463806359179132877e-01 2.500420324983047560e-01 -2.408093941730382426e+01 -9.981716039402530782e+01
8.894472361809046561e+03 -4.303669972791784870e-02 -2.445292990008827994e-01 2.482876066043855356e-01 -2.414209898501748341e+01 -9.998172544863820121e+01
8.944723618090452874e+03 -4.333250054976567345e-02 -2.426543814105767138e-01 2.464931123209025687e-01 -2.420510405797110209e+01 -1.001249830876746358e+02
8.994974874371859187e+03 -4.374547950840958904e-02 -2.406484299481247979e-01 2.445921785624352585e-01 -2.427234852083559602e+01 -1.003028228154609707e+02
9.045226130653267319e+03 -4.405781086159823307e-02 -2.387413383963769564e-01 2.427725630239334353e-01 -2.433720776009363362e+01 -1.004558445694919158e+02
9.095477386934673632e+03 -4.453612529628801081e-02 -2.370094170258622568e-01 2.411574801148530789e-01 -2.439518508218307602e+01 -1.006422736637003226e+02
9.145728643216081764e+03 -4.491246487012997418e-02 -2.350405409437008042e-01 2.392930951528232930e-01 -2.446259648365041528e+01 -1.008178946368916655e+02
9.195979899497488077e+03 -4.522634718170855106e-02 -2.332470811239863162e-01 2.375912947316460022e-01 -2.452458934273889923e+01 -1.009734178775263871e+02
9.246231155778894390e+03 -4.559565214573099018e-02 -2.313956432462181967e-01 2.358450915493591205e-01 -2.458866298534761796e+01 -1.011471141446590991e+02
9.296482412060302522e+03 -4.600389246632450441e-02 -2.295701995815057905e-01 2.341342235939581073e-01 -2.465190183612297403e+01 -1.013314936021494503e+02
9.346733668341708835e+03 -4.627009988181168126e-02 -2.276716792397620315e-01 2.323258824817543422e-01 -2.471924791700784851e+01 -1.014878618353400554e+02
9.396984924623116967e+03 -4.661528409128986444e-02 -2.260286639101821426e-01 2.307854883218044550e-01 -2.477702988419068930e+01 -1.016530800625376401e+02
9.447236180904523280e+03 -4.691784446226689165e-02 -2.242955165820306185e-01 2.291500881251967436e-01 -2.483879925457400972e+01 -1.018147021961119378e+02
9.497487437185929593e+03 -4.725037145490279533e-02 -2.226956122684246586e-01 2.276530986528293166e-01 -2.489572850668921689e+01 -1.019790642803133665e+02
9.547738693467337725e+03 -4.738075576583542642e-02 -2.207532718176404007e-01 2.257807410633926870e-01 -2.496746194339049651e+01 -1.021137351927862937e+02
9.597989949748744039e+03 -4.778576044582959204e-02 -2.191027757400233755e-01 2.242532167848862446e-01 -2.502642619719489758e+01 -1.023034023917081612e+02
9.648241206030150352e+03 -4.789372493550875937e-02 -2.174752326138471858e-01 2.226865188749536928e-01 -2.508732130136423422e+01 -1.024197751170589470e+02
9.698492462311558484e+03 -4.827098091928908735e-02 -2.160046949128456018e-01 2.213325909650494527e-01 -2.514029246675388762e+01 -1.025970217543204086e+02
9.748743718592964797e+03 -4.848270277248968585e-02 -2.142438359557034266e-01 2.196610882999989744e-01 -2.520613720733848595e+01 -1.027510868464768521e+02
9.798994974874372929e+03 -4.863507930839309351e-02 -2.128729378995912747e-01 2.183580972378559026e-01 -2.525781380198299075e+01 -1.028694783434144142e+02
9.849246231155779242e+03 -4.891122526073331256e-02 -2.113056332339356136e-01 2.168925508008532621e-01 -2.531630709901296683e+01 -1.030328118094199397e+02
9.899497487437185555e+03 -4.921776409290124638e-02 -2.096479124089958290e-01 2.153477083225044941e-01 -2.537839473720226380e+01 -1.032117316059148635e+02
9.949748743718593687e+03 -4.946237393752751788e-02 -2.082085657785361643e-01 2.140031151621182015e-01 -2.543279792145661489e+01 -1.033635629922846420e+02
1.000000000000000000e+04 -4.957425568773354829e-02 -2.067032537150842730e-01 2.125649122583388173e-01 -2.549136827005796135e+01 -1.034866841557978603e+02
